temp file 
4
x
y
z
variable
3.950000000000000000e+01 1.850000000000000000e+01 0.000000000000000000e+00 5.999999999999999778e-02
5.500000000000000000e+00 1.500000000000000000e+00 0.000000000000000000e+00 5.999999999999999778e-02
3.850000000000000000e+01 5.500000000000000000e+00 0.000000000000000000e+00 8.000000000000000167e-02
2.050000000000000000e+01 1.500000000000000000e+00 0.000000000000000000e+00 8.999999999999999667e-02
2.750000000000000000e+01 1.450000000000000000e+01 0.000000000000000000e+00 8.999999999999999667e-02
4.050000000000000000e+01 2.150000000000000000e+01 0.000000000000000000e+00 1.000000000000000056e-01
1.550000000000000000e+01 3.500000000000000000e+00 0.000000000000000000e+00 1.000000000000000056e-01
6.500000000000000000e+00 2.550000000000000000e+01 0.000000000000000000e+00 1.100000000000000006e-01
3.850000000000000000e+01 2.150000000000000000e+01 0.000000000000000000e+00 1.100000000000000006e-01
2.350000000000000000e+01 1.850000000000000000e+01 0.000000000000000000e+00 1.600000000000000033e-01
5.000000000000000000e-01 2.550000000000000000e+01 0.000000000000000000e+00 1.600000000000000033e-01
9.500000000000000000e+00 1.950000000000000000e+01 0.000000000000000000e+00 1.700000000000000122e-01
3.650000000000000000e+01 4.350000000000000000e+01 0.000000000000000000e+00 1.799999999999999933e-01
2.150000000000000000e+01 5.500000000000000000e+00 0.000000000000000000e+00 1.900000000000000022e-01
1.350000000000000000e+01 3.500000000000000000e+00 0.000000000000000000e+00 1.900000000000000022e-01
4.050000000000000000e+01 7.500000000000000000e+00 0.000000000000000000e+00 1.900000000000000022e-01
3.150000000000000000e+01 1.750000000000000000e+01 0.000000000000000000e+00 2.200000000000000011e-01
4.650000000000000000e+01 4.050000000000000000e+01 0.000000000000000000e+00 2.399999999999999911e-01
1.050000000000000000e+01 7.500000000000000000e+00 0.000000000000000000e+00 2.600000000000000089e-01
2.850000000000000000e+01 1.150000000000000000e+01 0.000000000000000000e+00 2.800000000000000266e-01
8.500000000000000000e+00 7.500000000000000000e+00 0.000000000000000000e+00 2.800000000000000266e-01
4.750000000000000000e+01 5.000000000000000000e-01 0.000000000000000000e+00 3.099999999999999978e-01
4.500000000000000000e+00 3.750000000000000000e+01 0.000000000000000000e+00 3.200000000000000067e-01
1.450000000000000000e+01 2.150000000000000000e+01 0.000000000000000000e+00 3.300000000000000155e-01
2.250000000000000000e+01 4.850000000000000000e+01 0.000000000000000000e+00 3.400000000000000244e-01
1.850000000000000000e+01 6.500000000000000000e+00 0.000000000000000000e+00 3.400000000000000244e-01
3.500000000000000000e+00 3.850000000000000000e+01 0.000000000000000000e+00 3.400000000000000244e-01
1.150000000000000000e+01 4.650000000000000000e+01 0.000000000000000000e+00 4.000000000000000222e-01
3.150000000000000000e+01 2.650000000000000000e+01 0.000000000000000000e+00 4.500000000000000111e-01
1.450000000000000000e+01 2.950000000000000000e+01 0.000000000000000000e+00 4.600000000000000200e-01
1.450000000000000000e+01 4.350000000000000000e+01 0.000000000000000000e+00 5.100000000000000089e-01
3.850000000000000000e+01 2.850000000000000000e+01 0.000000000000000000e+00 5.699999999999999512e-01
4.550000000000000000e+01 1.450000000000000000e+01 0.000000000000000000e+00 6.199999999999999956e-01
4.500000000000000000e+00 3.050000000000000000e+01 0.000000000000000000e+00 6.500000000000000222e-01
6.500000000000000000e+00 4.150000000000000000e+01 0.000000000000000000e+00 6.700000000000000400e-01
7.500000000000000000e+00 1.250000000000000000e+01 0.000000000000000000e+00 7.099999999999999645e-01
2.650000000000000000e+01 2.350000000000000000e+01 0.000000000000000000e+00 7.900000000000000355e-01
8.500000000000000000e+00 4.550000000000000000e+01 0.000000000000000000e+00 8.100000000000000533e-01
1.450000000000000000e+01 4.650000000000000000e+01 0.000000000000000000e+00 8.299999999999999600e-01
1.350000000000000000e+01 2.450000000000000000e+01 0.000000000000000000e+00 8.399999999999999689e-01
2.650000000000000000e+01 1.500000000000000000e+00 0.000000000000000000e+00 8.900000000000000133e-01
3.350000000000000000e+01 7.500000000000000000e+00 0.000000000000000000e+00 9.200000000000000400e-01
4.550000000000000000e+01 2.250000000000000000e+01 0.000000000000000000e+00 9.300000000000000488e-01
4.850000000000000000e+01 2.550000000000000000e+01 0.000000000000000000e+00 9.399999999999999467e-01
3.550000000000000000e+01 1.050000000000000000e+01 0.000000000000000000e+00 9.599999999999999645e-01
3.450000000000000000e+01 1.450000000000000000e+01 0.000000000000000000e+00 9.899999999999999911e-01
1.350000000000000000e+01 3.950000000000000000e+01 0.000000000000000000e+00 9.899999999999999911e-01
7.500000000000000000e+00 1.850000000000000000e+01 0.000000000000000000e+00 1.010000000000000009e+00
1.550000000000000000e+01 2.750000000000000000e+01 0.000000000000000000e+00 1.020000000000000018e+00
3.500000000000000000e+00 3.350000000000000000e+01 0.000000000000000000e+00 1.100000000000000089e+00
1.150000000000000000e+01 1.550000000000000000e+01 0.000000000000000000e+00 1.110000000000000098e+00
2.250000000000000000e+01 3.050000000000000000e+01 0.000000000000000000e+00 1.209999999999999964e+00
4.550000000000000000e+01 2.950000000000000000e+01 0.000000000000000000e+00 1.209999999999999964e+00
1.350000000000000000e+01 1.250000000000000000e+01 0.000000000000000000e+00 1.270000000000000018e+00
2.250000000000000000e+01 1.150000000000000000e+01 0.000000000000000000e+00 1.340000000000000080e+00
1.750000000000000000e+01 3.450000000000000000e+01 0.000000000000000000e+00 1.360000000000000098e+00
3.950000000000000000e+01 4.350000000000000000e+01 0.000000000000000000e+00 1.370000000000000107e+00
3.500000000000000000e+00 2.350000000000000000e+01 0.000000000000000000e+00 1.379999999999999893e+00
3.050000000000000000e+01 2.250000000000000000e+01 0.000000000000000000e+00 1.379999999999999893e+00
4.650000000000000000e+01 1.350000000000000000e+01 0.000000000000000000e+00 1.659999999999999920e+00
3.050000000000000000e+01 9.500000000000000000e+00 0.000000000000000000e+00 1.699999999999999956e+00
2.750000000000000000e+01 3.250000000000000000e+01 0.000000000000000000e+00 1.709999999999999964e+00
1.250000000000000000e+01 3.450000000000000000e+01 0.000000000000000000e+00 1.780000000000000027e+00
2.550000000000000000e+01 4.500000000000000000e+00 0.000000000000000000e+00 1.810000000000000053e+00
2.750000000000000000e+01 3.450000000000000000e+01 0.000000000000000000e+00 1.820000000000000062e+00
4.550000000000000000e+01 6.500000000000000000e+00 0.000000000000000000e+00 1.889999999999999902e+00
3.500000000000000000e+00 4.750000000000000000e+01 0.000000000000000000e+00 1.959999999999999964e+00
3.350000000000000000e+01 3.150000000000000000e+01 0.000000000000000000e+00 1.979999999999999982e+00
4.150000000000000000e+01 2.650000000000000000e+01 0.000000000000000000e+00 2.129999999999999893e+00
1.950000000000000000e+01 2.050000000000000000e+01 0.000000000000000000e+00 2.169999999999999929e+00
5.000000000000000000e-01 4.150000000000000000e+01 0.000000000000000000e+00 2.330000000000000071e+00
5.500000000000000000e+00 2.250000000000000000e+01 0.000000000000000000e+00 2.339999999999999858e+00
4.350000000000000000e+01 1.050000000000000000e+01 0.000000000000000000e+00 2.470000000000000195e+00
4.150000000000000000e+01 4.550000000000000000e+01 0.000000000000000000e+00 2.750000000000000000e+00
2.850000000000000000e+01 4.250000000000000000e+01 0.000000000000000000e+00 2.759999999999999787e+00
2.150000000000000000e+01 3.450000000000000000e+01 0.000000000000000000e+00 2.839999999999999858e+00
1.650000000000000000e+01 1.350000000000000000e+01 0.000000000000000000e+00 2.990000000000000213e+00
2.350000000000000000e+01 2.450000000000000000e+01 0.000000000000000000e+00 3.040000000000000036e+00
2.500000000000000000e+00 1.500000000000000000e+00 0.000000000000000000e+00 3.330000000000000071e+00
4.750000000000000000e+01 4.450000000000000000e+01 0.000000000000000000e+00 3.350000000000000089e+00
3.950000000000000000e+01 3.850000000000000000e+01 0.000000000000000000e+00 3.509999999999999787e+00
4.650000000000000000e+01 3.450000000000000000e+01 0.000000000000000000e+00 3.810000000000000053e+00
3.550000000000000000e+01 4.550000000000000000e+01 0.000000000000000000e+00 4.599999999999999645e+00
2.550000000000000000e+01 2.550000000000000000e+01 0.000000000000000000e+00 4.889999999999999680e+00
2.850000000000000000e+01 4.450000000000000000e+01 0.000000000000000000e+00 5.049999999999999822e+00
1.950000000000000000e+01 4.250000000000000000e+01 0.000000000000000000e+00 5.150000000000000355e+00
3.850000000000000000e+01 3.650000000000000000e+01 0.000000000000000000e+00 5.309999999999999609e+00
2.500000000000000000e+00 9.500000000000000000e+00 0.000000000000000000e+00 6.259999999999999787e+00
3.250000000000000000e+01 3.650000000000000000e+01 0.000000000000000000e+00 6.410000000000000142e+00
5.000000000000000000e-01 8.500000000000000000e+00 0.000000000000000000e+00 6.490000000000000213e+00
3.150000000000000000e+01 4.550000000000000000e+01 0.000000000000000000e+00 7.530000000000000249e+00
9.500000000000000000e+00 2.950000000000000000e+01 0.000000000000000000e+00 8.029999999999999361e+00
3.950000000000000000e+01 3.150000000000000000e+01 0.000000000000000000e+00 8.339999999999999858e+00
1.750000000000000000e+01 1.550000000000000000e+01 0.000000000000000000e+00 9.080000000000000071e+00
2.500000000000000000e+00 1.450000000000000000e+01 0.000000000000000000e+00 1.026999999999999957e+01
3.050000000000000000e+01 4.150000000000000000e+01 0.000000000000000000e+00 1.719000000000000128e+01
3.550000000000000000e+01 3.250000000000000000e+01 0.000000000000000000e+00 1.876000000000000156e+01
3.750000000000000000e+01 3.650000000000000000e+01 0.000000000000000000e+00 3.640000000000000124e+00
3.850000000000000000e+01 3.550000000000000000e+01 0.000000000000000000e+00 3.589999999999999858e+00
3.850000000000000000e+01 3.750000000000000000e+01 0.000000000000000000e+00 9.080000000000000071e+00
3.950000000000000000e+01 3.650000000000000000e+01 0.000000000000000000e+00 2.220000000000000195e+00
1.500000000000000000e+00 9.500000000000000000e+00 0.000000000000000000e+00 7.559999999999999609e+00
2.500000000000000000e+00 8.500000000000000000e+00 0.000000000000000000e+00 8.900000000000000355e+00
2.500000000000000000e+00 1.050000000000000000e+01 0.000000000000000000e+00 2.549999999999999822e+00
3.500000000000000000e+00 9.500000000000000000e+00 0.000000000000000000e+00 7.919999999999999929e+00
3.150000000000000000e+01 3.650000000000000000e+01 0.000000000000000000e+00 4.290000000000000036e+00
3.250000000000000000e+01 3.550000000000000000e+01 0.000000000000000000e+00 2.330000000000000071e+00
3.250000000000000000e+01 3.750000000000000000e+01 0.000000000000000000e+00 3.209999999999999964e+00
3.350000000000000000e+01 3.650000000000000000e+01 0.000000000000000000e+00 7.709999999999999964e+00
5.000000000000000000e-01 7.500000000000000000e+00 0.000000000000000000e+00 1.274000000000000021e+01
5.000000000000000000e-01 9.500000000000000000e+00 0.000000000000000000e+00 1.576999999999999957e+01
1.500000000000000000e+00 8.500000000000000000e+00 0.000000000000000000e+00 2.035000000000000142e+01
3.050000000000000000e+01 4.550000000000000000e+01 0.000000000000000000e+00 5.540000000000000036e+00
3.150000000000000000e+01 4.450000000000000000e+01 0.000000000000000000e+00 5.379999999999999893e+00
3.150000000000000000e+01 4.650000000000000000e+01 0.000000000000000000e+00 1.576999999999999957e+01
3.250000000000000000e+01 4.550000000000000000e+01 0.000000000000000000e+00 1.019999999999999929e+01
8.500000000000000000e+00 2.950000000000000000e+01 0.000000000000000000e+00 9.009999999999999787e+00
9.500000000000000000e+00 2.850000000000000000e+01 0.000000000000000000e+00 9.269999999999999574e+00
9.500000000000000000e+00 3.050000000000000000e+01 0.000000000000000000e+00 3.560000000000000053e+00
1.050000000000000000e+01 2.950000000000000000e+01 0.000000000000000000e+00 2.520000000000000018e+00
3.850000000000000000e+01 3.150000000000000000e+01 0.000000000000000000e+00 1.864000000000000057e+01
3.950000000000000000e+01 3.050000000000000000e+01 0.000000000000000000e+00 7.940000000000000391e+00
3.950000000000000000e+01 3.250000000000000000e+01 0.000000000000000000e+00 2.279999999999999805e+00
4.050000000000000000e+01 3.150000000000000000e+01 0.000000000000000000e+00 2.509999999999999787e+00
1.650000000000000000e+01 1.550000000000000000e+01 0.000000000000000000e+00 1.944000000000000128e+01
1.750000000000000000e+01 1.450000000000000000e+01 0.000000000000000000e+00 2.959999999999999964e+00
1.750000000000000000e+01 1.650000000000000000e+01 0.000000000000000000e+00 2.970000000000000195e+00
1.850000000000000000e+01 1.550000000000000000e+01 0.000000000000000000e+00 4.919999999999999929e+00
1.500000000000000000e+00 1.450000000000000000e+01 0.000000000000000000e+00 5.540000000000000036e+00
2.500000000000000000e+00 1.350000000000000000e+01 0.000000000000000000e+00 8.710000000000000853e+00
2.500000000000000000e+00 1.550000000000000000e+01 0.000000000000000000e+00 2.740000000000000213e+00
3.500000000000000000e+00 1.450000000000000000e+01 0.000000000000000000e+00 3.609999999999999876e+00
2.950000000000000000e+01 4.150000000000000000e+01 0.000000000000000000e+00 5.832000000000000028e+01
3.050000000000000000e+01 4.050000000000000000e+01 0.000000000000000000e+00 1.108000000000000007e+01
3.050000000000000000e+01 4.250000000000000000e+01 0.000000000000000000e+00 2.107999999999999829e+01
3.150000000000000000e+01 4.150000000000000000e+01 0.000000000000000000e+00 2.275000000000000000e+01
3.450000000000000000e+01 3.250000000000000000e+01 0.000000000000000000e+00 9.419999999999999929e+00
3.550000000000000000e+01 3.150000000000000000e+01 0.000000000000000000e+00 8.480000000000000426e+00
3.550000000000000000e+01 3.350000000000000000e+01 0.000000000000000000e+00 2.819999999999999840e+00
3.650000000000000000e+01 3.250000000000000000e+01 0.000000000000000000e+00 5.259999999999999787e+00
