Complete Gridded Primary and Secondary data  nx,ny = 50, x and min = 0.5, x and y size 1
2
Primary
Secondary
0.354108439	0.5132176
0.515873844	0.421603927
0.447158031	0.33243846
-0.022276395	0.227886705
-0.920818754	-0.292429824
-0.886056648	-0.568636236
-0.408935393	-0.795880017
-0.619788758	-0.508638306
-0.522878745	-0.408935393
-0.657577319	-0.397940009
-0.744727495	-0.37675071
-0.585026652	-0.37675071
-0.259637311	-0.522878745
-0.920818754	-0.602059991
-0.356547324	-0.494850022
-0.853871964	-0.244125144
-0.301029996	-0.214670165
-0.086186148	-0.193820026
-0.292429824	-0.161150909
-0.13667714	-0.187086643
-0.443697499	-0.337242168
-0.795880017	-0.37675071
-1	-0.327902142
-0.327902142	-0.30980392
-0.283996656	-0.22184875
-0.537602002	-0.180456064
-0.008773924	-0.026872146
0.330413773	0.158362492
0.117271296	0.267171728
0.294466226	0.346352974
0.621176282	0.45331834
0.51851394	0.434568904
0.247973266	0.342422681
-0.167491087	0.238046103
-0.886056648	0.100370545
-0.26760624	-0.187086643
-0.251811973	-0.214670165
-0.420216403	-0.161150909
0.06069784	-0.045757491
0.190331698	-0.026872146
-0.619788758	-0.060480747
-0.744727495	-0.113509275
-1.045757491	-0.180456064
-0.795880017	-0.327902142
-1.045757491	-0.173925197
-0.080921908	0.008600172
-0.251811973	0.23299611
-0.508638306	0.459392488
-0.022276395	0.544068044
0.033423755	0.618048097
0.667452953	0.45331834
0.214843848	0.365487985
0.522444234	0.276461804
-0.180456064	0.178976947
-0.769551079	-0.251811973
-1.22184875	-0.552841969
-0.920818754	-0.769551079
-0.795880017	-0.522878745
-0.259637311	-0.443697499
-0.251811973	-0.431798276
-0.080921908	-0.420216403
-0.455931956	-0.431798276
-0.494850022	-0.568636236
-0.958607315	-0.638272164
-0.318758763	-0.568636236
-0.795880017	-0.327902142
-0.721246399	-0.301029996
-0.638272164	-0.283996656
-0.769551079	-0.259637311
-0.677780705	-0.283996656
-1.045757491	-0.408935393
-0.853871964	-0.443697499
-0.721246399	-0.37675071
-0.346787486	-0.318758763
-0.055517328	-0.214670165
0.06069784	-0.113509275
-0.050609993	0.004321374
-0.060480747	0.155336037
0.28780173	0.250420002
0.396199347	0.318063335
0.672097858	0.399673721
0.625312451	0.390935107
0.267171728	0.309630167
0.049218023	0.217483944
-0.823908741	0.103803721
-0.619788758	-0.142667504
-0.657577319	-0.200659451
-0.638272164	-0.161150909
-0.113509275	-0.080921908
-0.075720714	-0.055517328
-0.638272164	-0.070581074
-0.958607315	-0.096910013
-0.823908741	-0.167491087
-1.522878745	-0.251811973
-1.397940009	-0.15490196
-0.769551079	0.06069784
-0.045757491	0.260071388
0.6599162	0.532754379
0.542825427	0.617000341
0.371067862	0.701567985
0.212187604	0.423245874
0.336459734	0.338456494
0.056904851	0.26245109
-0.251811973	0.176091259
-0.769551079	-0.180456064
-1.301029996	-0.431798276
-0.769551079	-0.537602002
-0.698970004	-0.468521083
-0.657577319	-0.443697499
-0.721246399	-0.468521083
-0.193820026	-0.455931956
-1.301029996	-0.508638306
-0.721246399	-0.638272164
-0.795880017	-0.657577319
-0.657577319	-0.602059991
-0.721246399	-0.387216143
-1.045757491	-0.356547324
-0.677780705	-0.346787486
-0.920818754	-0.327902142
-1.22184875	-0.346787486
-1	-0.468521083
-0.602059991	-0.468521083
-1.096910013	-0.30980392
-0.920818754	-0.236572006
-0.167491087	-0.148741651
-0.096910013	-0.040958608
-0.124938737	0.049218023
0.28780173	0.158362492
0.820201459	0.230448921
0.505149978	0.285557309
0.720159303	0.356025857
0.809559715	0.348304863
0.021189299	0.267171728
0.396199347	0.178976947
-0.958607315	0.08278537
-2	-0.148741651
-0.698970004	-0.207608311
-0.619788758	-0.180456064
-0.823908741	-0.096910013
-0.15490196	-0.060480747
-0.142667504	-0.045757491
-0.48148606	-0.055517328
-0.568636236	-0.107905397
-0.795880017	-0.187086643
-1.397940009	-0.13667714
-0.301029996	0.053078443
-0.055517328	0.230448921
0.152288344	0.484299839
0.668385917	0.567026366
0.451786436	0.651278014
0.127104798	0.487138375
0.853698212	0.416640507
0.604226053	0.356025857
-0.677780705	0.292256071
-0.657577319	-0.008773924
-0.337242168	-0.161150909
-0.568636236	-0.26760624
-0.657577319	-0.356547324
-0.638272164	-0.431798276
-0.431798276	-0.48148606
-0.853871964	-0.508638306
-0.920818754	-0.619788758
-1.698970004	-0.721246399
-0.721246399	-0.744727495
-0.958607315	-0.769551079
-1	-0.677780705
-0.823908741	-0.657577319
-1.045757491	-0.677780705
-0.920818754	-0.698970004
-1.22184875	-0.657577319
-1.096910013	-0.585026652
-1	-0.522878745
-1.522878745	-0.259637311
-1.045757491	-0.142667504
-0.494850022	-0.075720714
0.152288344	0.012837225
0.017033339	0.06069784
0.281033367	0.08278537
0.447158031	0.146128036
0.778874472	0.184691431
0.330413773	0.220108088
0.374748346	0.225309282
-0.327902142	0.170261715
-0.337242168	0.075546961
-0.886056648	-0.004364805
-0.48148606	-0.173925197
-0.721246399	-0.244125144
-0.677780705	-0.236572006
-0.37675071	-0.167491087
-0.148741651	-0.119186408
-0.602059991	-0.070581074
-0.37675071	-0.040958608
-0.397940009	-0.050609993
-0.657577319	-0.075720714
-1.15490196	-0.070581074
-0.259637311	0.06069784
-0.455931956	0.217483944
-0.180456064	0.451786436
0.033423755	0.525044807
0.225309282	0.615950052
-0.026872146	0.604226053
0.6599162	0.57054294
0.633468456	0.527629901
0.413299764	0.421603927
-0.022276395	0.243038049
-0.080921908	0.127104798
-0.769551079	-0.036212173
-0.552841969	-0.244125144
-0.568636236	-0.346787486
-0.494850022	-0.408935393
-0.30980392	-0.494850022
-1.301029996	-0.677780705
-1.045757491	-0.744727495
-1.096910013	-0.795880017
-1.045757491	-0.795880017
-1.096910013	-0.744727495
-1.522878745	-0.721246399
-1.522878745	-0.698970004
-0.823908741	-0.721246399
-1.045757491	-0.677780705
-1.301029996	-0.552841969
-0.657577319	-0.455931956
-0.721246399	-0.207608311
-0.795880017	-0.060480747
-0.494850022	0.049218023
0.257678575	0.136720567
0.227886705	0.212187604
0.401400541	0.257678575
0.206825876	0.328379603
0.62324929	0.346352974
0.741151599	0.346352974
0.546542663	0.307496038
-0.387216143	0.227886705
-0.301029996	0.075546961
-0.585026652	-0.050609993
-1.698970004	-0.22184875
-1.045757491	-0.30980392
-0.853871964	-0.30980392
-0.585026652	-0.251811973
-0.657577319	-0.180456064
-0.744727495	-0.080921908
-1.045757491	0.017033339
0.31386722	0.056904851
-0.48148606	0.056904851
-0.096910013	0.053078443
0.178976947	0.139879086
-0.468521083	0.227886705
-0.327902142	0.432969291
0.521138084	0.501059262
1.050766311	0.592176757
0.149219113	0.800717078
0.294466226	0.827369273
0.640481437	0.773054693
0.08278537	0.656098202
-0.142667504	0.547774705
0.565847819	0.450249108
-0.124938737	0.139879086
-0.318758763	-0.060480747
-0.522878745	-0.193820026
-0.346787486	-0.337242168
-0.187086643	-0.455931956
-0.638272164	-0.619788758
-0.853871964	-0.638272164
-1.045757491	-0.677780705
-1	-0.721246399
-1.045757491	-0.721246399
-2	-0.721246399
-1.045757491	-0.721246399
-0.552841969	-0.744727495
-0.48148606	-0.677780705
-0.744727495	-0.522878745
-0.721246399	-0.229147988
-0.585026652	-0.008773924
-0.15490196	0.117271296
0.359835482	0.250420002
0.491361694	0.318063335
0.326335861	0.356025857
-0.075720714	0.365487985
0.663700925	0.394451681
0.683947131	0.382017043
0.960946196	0.350248018
0.419955748	0.274157849
-0.113509275	0.187520721
-0.244125144	0.049218023
-0.795880017	-0.119186408
-1.698970004	-0.259637311
-1.096910013	-0.387216143
-1.397940009	-0.420216403
-1.096910013	-0.397940009
-0.408935393	-0.251811973
-0.167491087	-0.086186148
-0.107905397	0.049218023
0.217483944	0.117271296
-0.236572006	0.158362492
0.164352856	0.170261715
0.123851641	0.23299611
-0.142667504	0.252853031
-0.167491087	0.389166084
-0.031517051	0.440909082
0.434568904	0.499687083
1.735519059	1.083860801
0.872156273	1.057285644
0.691081492	0.990338855
0.442479769	0.773786445
0.826074803	0.63447727
0.193124598	0.522444234
0.469822016	0.212187604
0.204119983	0.012837225
-0.070581074	-0.102372909
-0.698970004	-0.236572006
-0.301029996	-0.387216143
-0.619788758	-0.508638306
-0.721246399	-0.537602002
-0.795880017	-0.638272164
-0.443697499	-0.677780705
-0.22184875	-0.677780705
-0.744727495	-0.677780705
-0.568636236	-0.677780705
-0.468521083	-0.638272164
-0.769551079	-0.508638306
-0.244125144	-0.346787486
-0.251811973	-0.086186148
-0.494850022	0.1430148
0.176091259	0.240549248
-0.031517051	0.33243846
0.06069784	0.365487985
0.130333768	0.394451681
0.489958479	0.371067862
0.330413773	0.383815366
0.434568904	0.374748346
0.721810615	0.356025857
1.165244326	0.264817823
0.149219113	0.164352856
0.255272505	0.025305865
-0.920818754	-0.193820026
-0.677780705	-0.337242168
-0.638272164	-0.494850022
-1.397940009	-0.537602002
-1	-0.468521083
-0.48148606	-0.26760624
-0.602059991	-0.091514981
-0.017728767	0.041392685
-0.050609993	0.149219113
0.303196057	0.193124598
0.565847819	0.214843848
0.276461804	0.276461804
0.225309282	0.301029996
0.037426498	0.344392274
0.664641976	0.380211242
0.803457116	0.416640507
1.105169428	1.147367108
1.007747778	1.128399269
1.366982976	1.065206128
1.26927939	0.867467488
0.932473765	0.746634199
0.049218023	0.615950052
0.506505032	0.301029996
0.012837225	0.086359831
-0.552841969	-0.013228266
-0.431798276	-0.13667714
-0.585026652	-0.26760624
-0.769551079	-0.387216143
-0.823908741	-0.420216403
-0.494850022	-0.537602002
-0.259637311	-0.602059991
-0.408935393	-0.585026652
-0.657577319	-0.552841969
-0.537602002	-0.522878745
-0.886056648	-0.431798276
-0.602059991	-0.346787486
-0.958607315	-0.119186408
-0.769551079	0.130333768
-0.552841969	0.276461804
-0.148741651	0.328379603
0.064457989	0.411619706
-0.091514981	0.397940009
0.193124598	0.378397901
0.012837225	0.344392274
0.278753601	0.387389826
0.36361198	0.371067862
0.170261715	0.356025857
0.747411808	0.271841607
0.170261715	0.176091259
-0.036212173	-0.004364805
-0.13667714	-0.236572006
-0.823908741	-0.387216143
-0.494850022	-0.537602002
-1.397940009	-0.568636236
-0.920818754	-0.508638306
-0.920818754	-0.327902142
-0.721246399	-0.124938737
-0.468521083	0.012837225
-0.318758763	0.127104798
-0.075720714	0.206825876
0.10720997	0.267171728
0.51054501	0.33243846
0.725911632	0.361727836
0.539076099	0.40654018
1.025715384	0.431363764
1.14113609	0.445604203
0.812244697	1.174641193
1.308564414	1.149219113
0.949390007	1.090610708
1.20709554	0.880241776
0.539076099	0.785329835
0.431363764	0.670245853
0.278753601	0.411619706
-0.638272164	0.212187604
-0.22184875	0.093421685
0.170261715	-0.080921908
-0.468521083	-0.236572006
-1	-0.337242168
-1.096910013	-0.366531544
-0.37675071	-0.443697499
0.008600172	-0.468521083
-0.22184875	-0.455931956
-0.698970004	-0.431798276
-0.327902142	-0.37675071
-0.070581074	-0.301029996
-0.346787486	-0.214670165
-0.408935393	0.008600172
-0.327902142	0.214843848
-0.040958608	0.324282455
0.037426498	0.369215857
0.326335861	0.436162647
0.10720997	0.396199347
0.230448921	0.359835482
-0.193820026	0.315970345
-0.060480747	0.352182518
0.428134794	0.326335861
0.480006943	0.315970345
0.825426118	0.240549248
0.264817823	0.164352856
0.414973348	-0.013228266
-0.602059991	-0.193820026
-0.397940009	-0.26760624
-0.795880017	-0.408935393
-0.958607315	-0.431798276
-1.045757491	-0.37675071
-0.468521083	-0.251811973
-0.657577319	-0.113509275
-0.180456064	0.021189299
-0.508638306	0.1430148
0.155336037	0.220108088
0.615950052	0.559906625
0.36361198	0.630427875
0.898176483	0.648360011
0.593286067	0.689308859
0.800717078	0.749736316
0.754348336	0.5774918
1.197831693	1.351409752
0.878521796	1.295347148
0.796574333	1.230959556
0.898725182	1.079904468
0.953276337	0.865103975
0.100370545	0.721810615
0.053078443	0.498310554
0.164352856	0.311753861
0.367355921	0.152288344
-0.091514981	-0.065501549
-0.494850022	-0.193820026
-0.721246399	-0.251811973
-1.045757491	-0.292429824
-0.638272164	-0.37675071
0.021189299	-0.366531544
-0.602059991	-0.346787486
-0.327902142	-0.318758763
-0.568636236	-0.26760624
0.064457989	-0.173925197
-0.48148606	-0.070581074
-0.102372909	0.117271296
0.195899652	0.324282455
0.049218023	0.40654018
0.773786445	0.426511261
0.139879086	0.450249108
-0.102372909	0.385606274
-0.236572006	0.255272505
-0.37675071	0.146128036
0.053078443	0.139879086
0.315970345	0.100370545
0.230448921	0.11058971
0.195899652	0.089905111
-0.017728767	0.056904851
-0.15490196	-0.031517051
-0.48148606	-0.13076828
-0.356547324	-0.200659451
0.10720997	-0.327902142
-0.585026652	-0.327902142
-1.045757491	-0.251811973
-0.301029996	-0.148741651
-0.455931956	-0.045757491
-0.602059991	0.025305865
-0.13076828	0.123851641
-0.148741651	0.225309282
-0.102372909	0.626340367
-0.142667504	0.722633923
0.301029996	0.781036939
0.583198774	0.834420704
0.440909082	0.896526217
0.82672252	0.762678564
1.425860145	1.328990855
0.565847819	1.257438567
0.40654018	1.20167018
0.507855872	1.06069784
0.834420704	0.823474229
1.09131516	0.684845362
1.272073788	0.526339277
0.657055853	0.315970345
0.079181246	0.096910013
-0.193820026	-0.091514981
-0.070581074	-0.200659451
-0.420216403	-0.26760624
-0.568636236	-0.318758763
-0.698970004	-0.366531544
-0.468521083	-0.337242168
-0.443697499	-0.292429824
-0.585026652	-0.142667504
-0.537602002	-0.036212173
-0.251811973	0.033423755
0.004321374	0.149219113
-0.187086643	0.271841607
0.08278537	0.359835482
0.401400541	0.394451681
0.797267541	0.389166084
-0.026872146	0.344392274
-0.091514981	0.240549248
-0.173925197	0.049218023
-0.522878745	-0.096910013
-0.744727495	-0.080921908
-0.619788758	-0.091514981
-0.200659451	-0.045757491
-0.397940009	0.021189299
-0.27572413	-0.008773924
-0.229147988	-0.086186148
-0.187086643	-0.119186408
-0.017728767	-0.173925197
-0.214670165	-0.30980392
-0.113509275	-0.27572413
-0.356547324	-0.214670165
-0.537602002	-0.167491087
-0.004364805	-0.107905397
-0.30980392	-0.040958608
0.264817823	0.06069784
0.392696953	0.255272505
0.31386722	0.651278014
0.075546961	0.753583059
0.413299764	0.820857989
0.809559715	0.883093359
0.635483747	0.930439595
1.017033339	0.815577748
1.608205008	1.245512668
1.453929592	1.179551791
0.865103975	1.133858125
0.926342447	1.061075324
0.507855872	0.822821645
0.950364854	0.694605199
0.338456494	0.558708571
-0.148741651	0.348304863
-0.193820026	0.064457989
-0.443697499	-0.13667714
-0.356547324	-0.22184875
-0.602059991	-0.292429824
-0.431798276	-0.30980392
-0.853871964	-0.301029996
-0.698970004	-0.187086643
-0.585026652	-0.075720714
0.029383778	0.049218023
-0.259637311	0.113943352
-0.494850022	0.155336037
0.096910013	0.206825876
-0.004364805	0.281033367
-0.26760624	0.336459734
0.127104798	0.33243846
0.238046103	0.311753861
-0.193820026	0.255272505
-0.602059991	0.130333768
-0.455931956	-0.13667714
-0.552841969	-0.27572413
-0.552841969	-0.207608311
-0.508638306	-0.244125144
-0.602059991	-0.207608311
-0.886056648	-0.080921908
-0.744727495	-0.060480747
-0.301029996	-0.124938737
-0.366531544	-0.124938737
0.167317335	-0.15490196
0.511883361	-0.26760624
-0.167491087	-0.259637311
-0.26760624	-0.229147988
-0.15490196	-0.207608311
0.021189299	-0.15490196
-0.337242168	-0.080921908
-0.167491087	0.004321374
-0.022276395	0.247973266
0.44870632	0.667452953
0.324282455	0.756636108
0.752048448	0.824125834
0.558708571	0.882524538
0.439332694	0.924795996
1.049605613	0.787460475
1.366982976	1.224274014
1.484869033	1.144885418
1.566908655	1.098643726
1.06069784	1.030599722
0.797267541	0.745074792
0.212187604	0.632457292
0.238046103	0.525044807
-0.148741651	0.315970345
-0.431798276	0.004321374
-0.795880017	-0.207608311
-0.337242168	-0.301029996
-0.494850022	-0.356547324
-0.769551079	-0.283996656
0.103803721	-0.214670165
-0.568636236	-0.017728767
-0.283996656	0.146128036
0.285557309	0.260071388
0.73239376	0.283301229
0.436162647	0.28780173
-0.244125144	0.285557309
0.041392685	0.247973266
-0.096910013	0.214843848
-0.13076828	0.193124598
0.103803721	0.176091259
-0.096910013	0.079181246
-0.124938737	-0.040958608
-0.698970004	-0.251811973
-0.619788758	-0.387216143
-0.420216403	-0.443697499
0.045322979	-0.431798276
-0.397940009	-0.387216143
-0.537602002	-0.214670165
-0.142667504	-0.102372909
-0.408935393	-0.091514981
-0.337242168	-0.102372909
-0.494850022	-0.107905397
0.008600172	-0.207608311
-0.161150909	-0.301029996
-0.455931956	-0.283996656
-0.455931956	-0.244125144
-0.327902142	-0.207608311
-0.167491087	-0.113509275
-0.22184875	0
0	0.260071388
0.534026106	0.671172843
0.755874856	0.757396029
0.829946696	0.828015064
0.139879086	0.88422877
0.243038049	0.923244019
0.829946696	0.786751422
0.741939078	1.194791758
1.019946682	1.116607744
0.940018155	1.068927612
1.586699802	1.010723865
0.588831726	0.691965103
0.568201724	0.565847819
-0.060480747	0.436162647
-0.055517328	0.198657087
-0.366531544	-0.13667714
-0.602059991	-0.292429824
-0.244125144	-0.327902142
-0.508638306	-0.356547324
0.161368002	-0.161150909
0.348304863	-0.045757491
0.600972896	0.214843848
0.640481437	0.354108439
0.475671188	0.437750563
0.565847819	0.418301291
0.348304863	0.394451681
0.283301229	0.309630167
-0.537602002	0.193124598
0.029383778	0.120573931
-0.022276395	0.086359831
-0.086186148	0.045322979
-0.167491087	-0.075720714
-0.721246399	-0.161150909
-0.823908741	-0.397940009
-0.619788758	-0.508638306
-0.283996656	-0.537602002
0.23299611	-0.48148606
-1.15490196	-0.431798276
-0.619788758	-0.301029996
-0.568636236	-0.167491087
0.149219113	-0.148741651
-0.244125144	-0.167491087
-0.387216143	-0.207608311
-0.366531544	-0.301029996
-0.30980392	-0.420216403
-0.958607315	-0.397940009
-0.657577319	-0.327902142
-0.48148606	-0.27572413
0.033423755	-0.200659451
0.206825876	-0.107905397
0.017033339	0.209515015
-0.080921908	0.45331834
0.324282455	0.558708571
0.220108088	0.670245853
0.290034611	0.739572344
0.281033367	0.753583059
0.342422681	0.722633923
0.536558443	0.822821645
0.743509765	0.772321707
1.011570444	0.753583059
0.557507202	0.701567985
-0.119186408	0.487138375
-0.055517328	0.408239965
0.075546961	0.283301229
-0.408935393	0.021189299
-0.356547324	-0.346787486
-0.585026652	-0.387216143
0.44870632	-0.420216403
-0.080921908	-0.431798276
-0.455931956	-0.161150909
0.033423755	0.033423755
0.369215857	0.311753861
0.95568775	0.459392488
0.790988475	0.525044807
0.471291711	0.501059262
0.549003262	0.44870632
-0.200659451	0.309630167
-0.283996656	0.100370545
-0.657577319	-0.113509275
-0.853871964	-0.187086643
-1	-0.259637311
-0.769551079	-0.431798276
-1.096910013	-0.494850022
-1.522878745	-0.537602002
-1.045757491	-0.638272164
-0.958607315	-0.585026652
-0.769551079	-0.552841969
-1.22184875	-0.508638306
-0.455931956	-0.420216403
-0.48148606	-0.26760624
-0.698970004	-0.244125144
-0.004364805	-0.283996656
-0.13076828	-0.327902142
-0.657577319	-0.408935393
-1	-0.602059991
-1.22184875	-0.638272164
-0.823908741	-0.537602002
-0.431798276	-0.468521083
-0.086186148	-0.356547324
-0.148741651	-0.236572006
-0.301029996	0.123851641
-1	0.294466226
-0.207608311	0.361727836
0.274157849	0.469822016
0.495544338	0.59439255
-0.022276395	0.589949601
0.344392274	0.595496222
0.346352974	0.7084209
0.193124598	0.635483747
0.437750563	0.609594409
0.315970345	0.564666064
-0.251811973	0.322219295
-0.823908741	0.230448921
-0.537602002	0.146128036
-0.920818754	-0.060480747
-0.744727495	-0.30980392
-1.096910013	-0.366531544
-0.619788758	-0.387216143
0.045322979	-0.37675071
-0.744727495	-0.119186408
-0.552841969	0.075546961
0.372912003	0.359835482
1.034227261	0.509202522
1.288696261	0.556302501
0.958085849	0.521138084
0.691965103	0.456366033
0.037426498	0.243038049
-0.408935393	-0.091514981
-0.795880017	-0.397940009
-1	-0.508638306
-1.22184875	-0.602059991
-1.15490196	-0.638272164
-1.22184875	-0.698970004
-1.22184875	-0.721246399
-0.744727495	-0.769551079
-0.698970004	-0.721246399
-0.744727495	-0.619788758
-1.045757491	-0.568636236
-0.537602002	-0.508638306
-0.022276395	-0.327902142
-0.920818754	-0.301029996
-0.431798276	-0.337242168
-0.251811973	-0.387216143
-1	-0.443697499
-1.15490196	-0.698970004
-1.096910013	-0.795880017
-0.795880017	-0.677780705
-0.795880017	-0.552841969
-0.207608311	-0.420216403
-0.107905397	-0.27572413
-0.244125144	-0.031517051
-0.318758763	0.1430148
-0.113509275	0.206825876
0.068185862	0.344392274
0.1430148	0.5132176
0.57634135	0.546542663
0.474216264	0.57863921
-0.568636236	0.450249108
-0.060480747	0.390935107
-0.107905397	0.382017043
-0.091514981	0.336459734
-0.259637311	0.136720567
-0.022276395	0.075546961
-0.677780705	-0.004364805
-0.318758763	-0.214670165
-0.585026652	-0.30980392
-1.15490196	-0.397940009
-0.455931956	-0.420216403
-1.096910013	-0.420216403
-0.744727495	-0.113509275
-0.602059991	0.10720997
0.29666519	0.385606274
0.7084209	0.542825427
1.474944335	0.588831726
0.472756449	0.558708571
0.582063363	0.487138375
0	0.276461804
-0.698970004	-0.102372909
-0.602059991	-0.431798276
-1.096910013	-0.657577319
-0.602059991	-0.744727495
-1.301029996	-0.769551079
-1.522878745	-0.744727495
-1.301029996	-0.769551079
-0.853871964	-0.795880017
-0.823908741	-0.721246399
-0.853871964	-0.638272164
-0.455931956	-0.552841969
-0.795880017	-0.508638306
-0.537602002	-0.366531544
-0.769551079	-0.356547324
-1.15490196	-0.408935393
-0.568636236	-0.48148606
-0.769551079	-0.522878745
-1.22184875	-0.744727495
-1.522878745	-0.823908741
-1.096910013	-0.721246399
-1.522878745	-0.602059991
-1.045757491	-0.443697499
-0.769551079	-0.229147988
-0.853871964	-0.060480747
-0.657577319	0.068185862
-0.366531544	0.146128036
0.184691431	0.290034611
-0.004364805	0.469822016
0.303196057	0.51851394
0.459392488	0.5774918
-0.30980392	0.365487985
-0.568636236	0.326335861
-0.096910013	0.311753861
0.281033367	0.283301229
0.053078443	0.195899652
-0.259637311	0.075546961
-0.036212173	-0.026872146
-0.327902142	-0.187086643
-0.657577319	-0.283996656
-0.886056648	-0.420216403
-0.346787486	-0.48148606
-0.958607315	-0.468521083
-0.619788758	-0.180456064
-0.698970004	0.068185862
-0.301029996	0.346352974
0.318063335	0.499687083
0.749736316	0.542825427
0.123851641	0.53529412
0.320146286	0.460897843
-0.026872146	0.260071388
0.113943352	-0.070581074
-0.920818754	-0.292429824
-1.15490196	-0.677780705
-0.886056648	-0.744727495
-0.823908741	-0.744727495
-1.22184875	-0.721246399
-0.537602002	-0.744727495
-1.522878745	-0.744727495
-1.397940009	-0.698970004
-1.22184875	-0.619788758
-1.22184875	-0.537602002
-0.657577319	-0.356547324
-0.568636236	-0.301029996
-0.070581074	-0.301029996
-0.769551079	-0.327902142
-0.769551079	-0.420216403
-1	-0.638272164
-1.22184875	-0.769551079
-1.522878745	-0.823908741
-1.045757491	-0.744727495
-0.958607315	-0.619788758
-0.795880017	-0.48148606
-0.619788758	-0.229147988
-0.602059991	-0.13667714
-0.283996656	0.017033339
-0.420216403	0.127104798
-0.301029996	0.26245109
0.161368002	0.447158031
0.488550717	0.514547753
0.92788341	0.574031268
-0.744727495	0.283301229
-0.657577319	0.298853076
-0.346787486	0.276461804
-0.236572006	0.276461804
-0.207608311	0.220108088
0.068185862	0.10720997
-0.552841969	-0.040958608
0.004321374	-0.173925197
-0.823908741	-0.301029996
-0.602059991	-0.48148606
-0.795880017	-0.537602002
-1.522878745	-0.568636236
-1.045757491	-0.37675071
-0.958607315	-0.065501549
-0.657577319	0.181843588
0.235528447	0.385606274
0.146128036	0.440909082
0.80140371	0.460897843
0.276461804	0.389166084
0.113943352	0.252853031
-0.080921908	-0.055517328
-0.568636236	-0.251811973
-1	-0.537602002
-0.795880017	-0.522878745
-1.096910013	-0.568636236
-1.096910013	-0.537602002
-1	-0.568636236
-1.22184875	-0.602059991
-0.721246399	-0.585026652
-0.494850022	-0.387216143
-0.795880017	-0.337242168
-1.045757491	-0.142667504
-0.698970004	-0.096910013
-0.431798276	-0.113509275
-0.124938737	-0.207608311
-0.494850022	-0.283996656
-0.886056648	-0.568636236
-0.769551079	-0.744727495
-1.045757491	-0.769551079
-1.22184875	-0.657577319
-0.958607315	-0.508638306
-0.823908741	-0.346787486
-0.251811973	-0.13076828
-0.200659451	-0.055517328
-0.508638306	0.064457989
-0.259637311	0.158362492
-0.397940009	0.271841607
0.120573931	0.436162647
0.269512944	0.503790683
1.088844563	0.563481085
0.170261715	0.230448921
0.149219113	0.307496038
0.40654018	0.276461804
0.712649702	0.28780173
-0.301029996	0.274157849
0.173186268	0.170261715
-0.031517051	-0.022276395
0.079181246	-0.13667714
0.045322979	-0.301029996
-0.769551079	-0.522878745
-1.522878745	-0.602059991
-1.22184875	-0.698970004
-1.15490196	-0.508638306
-1.22184875	-0.214670165
-0.568636236	0.012837225
0.127104798	0.243038049
0.064457989	0.320146286
0.079181246	0.36361198
0.547774705	0.309630167
0.344392274	0.214843848
-0.301029996	-0.022276395
-0.920818754	-0.173925197
-1	-0.431798276
-0.22184875	-0.387216143
-0.823908741	-0.387216143
-1.397940009	-0.397940009
-1.22184875	-0.431798276
-0.853871964	-0.408935393
-0.853871964	-0.387216143
-0.318758763	-0.244125144
-0.619788758	-0.13076828
-0.387216143	0.029383778
-0.080921908	0.045322979
0.10720997	0.033423755
-0.387216143	-0.045757491
-0.48148606	-0.173925197
-0.920818754	-0.455931956
-0.823908741	-0.619788758
-0.920818754	-0.698970004
-0.853871964	-0.619788758
-1.22184875	-0.455931956
-0.823908741	-0.301029996
-0.387216143	-0.091514981
-0.004364805	-0.026872146
-0.200659451	0.086359831
-0.301029996	0.176091259
0.190331698	0.264817823
0.605305046	0.346352974
0.767897616	0.40654018
0.26245109	0.444044796
-0.420216403	0.227886705
0.826074803	0.311753861
0.799340549	0.283301229
0.503790683	0.301029996
0.907411361	0.281033367
0.515873844	0.178976947
-0.167491087	-0.022276395
-0.318758763	-0.161150909
-0.318758763	-0.356547324
-0.721246399	-0.602059991
-1.522878745	-0.744727495
-1.301029996	-0.920818754
-0.958607315	-0.677780705
-1.397940009	-0.337242168
-1.22184875	-0.13667714
-0.15490196	0.130333768
0.252853031	0.206825876
0.583198774	0.264817823
0.748188027	0.214843848
0.336459734	0.149219113
-0.075720714	-0.060480747
-0.568636236	-0.167491087
-1	-0.356547324
-0.769551079	-0.292429824
-0.585026652	-0.27572413
-0.27572413	-0.251811973
-0.823908741	-0.26760624
-0.795880017	-0.229147988
-0.37675071	-0.229147988
-0.886056648	-0.091514981
-0.26760624	-0.017728767
0.079181246	0.103803721
-0.055517328	0.103803721
-0.036212173	0.08278537
-0.236572006	-0.022276395
-0.468521083	-0.167491087
-0.657577319	-0.443697499
-1.301029996	-0.602059991
-0.769551079	-0.657577319
-0.886056648	-0.552841969
-1.096910013	-0.356547324
0.025305865	-0.207608311
-0.207608311	-0.013228266
-0.431798276	0.053078443
-0.113509275	0.164352856
-0.102372909	0.222716471
0.481442629	0.252853031
0.506505032	0.245512668
0.049218023	0.285557309
0.356025857	0.274157849
0.136720567	0.23299611
0.666517981	0.324282455
1.093071306	0.29666519
0.720985744	0.311753861
0.243038049	0.276461804
0.167317335	0.173186268
0.037426498	-0.055517328
-0.065501549	-0.207608311
-0.408935393	-0.431798276
-0.886056648	-0.657577319
-0.853871964	-0.823908741
-1.397940009	-0.958607315
-0.366531544	-0.853871964
-2	-0.494850022
-0.48148606	-0.318758763
-0.173925197	-0.060480747
0.307496038	0.025305865
0.173186268	0.117271296
0.359835482	0.08278537
-0.494850022	0.064457989
-0.180456064	-0.036212173
-0.552841969	-0.091514981
-0.853871964	-0.207608311
-0.387216143	-0.13076828
0.025305865	-0.142667504
-0.769551079	-0.148741651
-0.337242168	-0.080921908
-0.251811973	-0.017728767
-0.522878745	-0.022276395
-0.148741651	0.068185862
0.170261715	0.11058971
-0.13667714	0.167317335
-0.167491087	0.133538908
-0.366531544	0.096910013
-0.15490196	-0.017728767
-0.568636236	-0.15490196
-1.045757491	-0.443697499
-1.096910013	-0.619788758
-0.958607315	-0.657577319
-0.552841969	-0.522878745
-1	-0.318758763
-0.568636236	-0.15490196
-0.420216403	-0.022276395
-0.468521083	0.037426498
0.477121255	0.123851641
-0.173925197	0.184691431
0.037426498	0.178976947
0.075546961	0.187520721
0.691081492	0.225309282
0.225309282	0.214843848
0.212187604	-0.091514981
-0.13076828	0.117271296
0.243038049	0.11058971
0.204119983	0.152288344
0.303196057	0.136720567
0.369215857	0.096910013
-0.27572413	-0.13667714
-0.48148606	-0.292429824
-0.585026652	-0.537602002
-0.657577319	-0.677780705
-0.585026652	-0.721246399
-0.657577319	-0.744727495
-0.552841969	-0.657577319
-1.096910013	-0.48148606
-0.251811973	-0.387216143
0.123851641	-0.180456064
0.176091259	-0.107905397
0.252853031	-0.036212173
-0.200659451	-0.055517328
-0.036212173	-0.017728767
-0.356547324	-0.065501549
-0.408935393	-0.080921908
-1	-0.096910013
-0.657577319	0.025305865
-0.214670165	-0.004364805
-0.229147988	0
0.021189299	0.049218023
-0.031517051	0.096910013
-0.397940009	0.037426498
-0.107905397	0.113943352
0.139879086	0.136720567
-0.795880017	0.139879086
-0.698970004	0.075546961
-0.107905397	0.025305865
0.089905111	-0.113509275
-0.259637311	-0.27572413
-0.721246399	-0.522878745
-0.677780705	-0.657577319
-0.853871964	-0.698970004
-0.795880017	-0.537602002
-0.537602002	-0.337242168
-0.124938737	-0.161150909
0.187520721	-0.031517051
-0.161150909	0.025305865
0.354108439	0.071882007
-0.031517051	0.11058971
0.184691431	0.10720997
0.444044796	0.149219113
0.469822016	0.184691431
0.457881897	0.209515015
-0.180456064	-0.229147988
-0.096910013	-0.045757491
0.181843588	-0.055517328
0.139879086	-0.004364805
-0.22184875	-0.017728767
-0.173925197	-0.065501549
-0.619788758	-0.27572413
-0.494850022	-0.387216143
-0.537602002	-0.585026652
-1.15490196	-0.568636236
-0.958607315	-0.508638306
-0.853871964	-0.455931956
-0.031517051	-0.420216403
-0.142667504	-0.346787486
-0.119186408	-0.301029996
-0.060480747	-0.244125144
0.491361694	-0.214670165
0.532754379	-0.119186408
-0.327902142	-0.107905397
0.260071388	-0.080921908
-0.022276395	-0.040958608
-0.337242168	-0.004364805
-0.251811973	-0.017728767
-0.045757491	0.075546961
0.117271296	0.103803721
0.021189299	0.10720997
-0.102372909	0.146128036
-0.086186148	0.178976947
0.58546073	0.127104798
0.056904851	0.103803721
-0.22184875	0.096910013
-0.744727495	0.06069784
-0.337242168	-0.036212173
-0.408935393	-0.075720714
-0.13667714	-0.167491087
-0.585026652	-0.327902142
-0.698970004	-0.522878745
-0.920818754	-0.602059991
-1.301029996	-0.677780705
-1.096910013	-0.568636236
-0.337242168	-0.346787486
-0.408935393	-0.200659451
-0.161150909	-0.086186148
-0.045757491	-0.045757491
0.305351369	-0.017728767
-0.259637311	-0.008773924
-0.193820026	-0.004364805
0.071882007	0.064457989
0.164352856	0.103803721
0.093421685	0.149219113
-0.638272164	-0.420216403
-0.48148606	-0.301029996
-0.244125144	-0.301029996
-1.045757491	-0.251811973
-0.48148606	-0.283996656
-0.167491087	-0.301029996
-0.13076828	-0.408935393
-0.318758763	-0.387216143
-0.455931956	-0.387216143
-0.026872146	-0.301029996
-0.356547324	-0.236572006
-0.443697499	-0.200659451
-0.327902142	-0.22184875
-0.075720714	-0.22184875
-0.552841969	-0.214670165
-0.180456064	-0.207608311
-0.327902142	-0.200659451
0.037426498	-0.142667504
0.075546961	-0.124938737
0.041392685	-0.075720714
0.240549248	-0.008773924
0.11058971	0.037426498
-0.008773924	0.1430148
0.482873584	0.220108088
0.158362492	0.235528447
0.498310554	0.243038049
0.045322979	0.264817823
-0.060480747	0.204119983
0.488550717	0.127104798
0.198657087	0.079181246
-0.420216403	0
-0.337242168	-0.065501549
-0.552841969	-0.161150909
-0.292429824	-0.193820026
-0.387216143	-0.26760624
-0.420216403	-0.318758763
-0.886056648	-0.455931956
-1.522878745	-0.48148606
-1.698970004	-0.508638306
-0.657577319	-0.443697499
-0.494850022	-0.251811973
-0.214670165	-0.13667714
0.342422681	-0.036212173
0.278753601	-0.013228266
-0.148741651	0.004321374
0.017033339	-0.031517051
-0.173925197	-0.026872146
0.342422681	0.021189299
0.278753601	0.06069784
-0.30980392	0.103803721
-0.795880017	-0.508638306
-0.602059991	-0.455931956
-0.721246399	-0.48148606
-0.795880017	-0.48148606
-0.920818754	-0.48148606
-0.920818754	-0.468521083
-0.958607315	-0.443697499
-0.769551079	-0.27572413
-0.769551079	-0.086186148
-0.387216143	0.049218023
-0.22184875	0.089905111
0.056904851	0.093421685
-0.251811973	0.049218023
-0.060480747	-0.045757491
-0.468521083	-0.15490196
-0.431798276	-0.193820026
0.212187604	-0.193820026
0.245512668	-0.142667504
-0.031517051	-0.124938737
0.176091259	-0.040958608
0.06069784	0.056904851
0.214843848	0.11058971
0.1430148	0.217483944
0.181843588	0.290034611
0.595496222	0.303196057
0.689308859	0.322219295
-0.236572006	0.328379603
0.361727836	0.257678575
0.093421685	0.176091259
0.053078443	0.079181246
-0.259637311	-0.060480747
-0.055517328	-0.113509275
-0.37675071	-0.15490196
0.187520721	-0.13667714
-0.408935393	-0.070581074
-0.48148606	-0.086186148
-0.602059991	-0.091514981
-0.853871964	-0.107905397
-0.387216143	-0.086186148
0.195899652	-0.13076828
0.136720567	-0.004364805
0.247973266	-0.008773924
-0.142667504	0.033423755
0.041392685	0.029383778
0.064457989	0.025305865
-0.259637311	-0.050609993
-0.065501549	-0.036212173
0.056904851	0.017033339
-0.026872146	0.029383778
-0.259637311	0.086359831
-1.096910013	-0.698970004
-1.22184875	-0.698970004
-1.045757491	-0.698970004
-0.853871964	-0.638272164
-0.619788758	-0.568636236
-0.420216403	-0.455931956
-0.283996656	-0.187086643
-0.508638306	0.086359831
-0.443697499	0.217483944
-0.30980392	0.305351369
0.209515015	0.356025857
0.235528447	0.318063335
-0.568636236	0.195899652
-0.397940009	0.068185862
-0.30980392	-0.075720714
-0.568636236	-0.244125144
0.100370545	-0.26760624
-0.408935393	-0.22184875
-0.468521083	-0.187086643
0.1430148	-0.075720714
-0.13667714	0.068185862
-0.124938737	0.161368002
0.235528447	0.274157849
-0.193820026	0.334453751
-0.236572006	0.350248018
0.187520721	0.367355921
0.553883027	0.324282455
0.309630167	0.230448921
-0.017728767	0.149219113
-0.13667714	0.033423755
0.164352856	-0.173925197
-0.346787486	-0.13076828
-0.207608311	-0.070581074
0.387389826	0.06069784
-0.022276395	0.158362492
-0.48148606	0.164352856
-0.026872146	0.193124598
-0.017728767	0.198657087
-0.080921908	0.167317335
-0.075720714	0.184691431
0.10720997	0.271841607
0.328379603	0.255272505
0.123851641	0.238046103
0.10720997	0.212187604
-0.091514981	0.120573931
0.540329475	-0.026872146
0.267171728	-0.055517328
0.012837225	-0.050609993
-0.200659451	-0.065501549
-0.200659451	-0.022276395
-1.301029996	-0.698970004
-0.769551079	-0.721246399
-0.568636236	-0.677780705
-0.508638306	-0.602059991
-0.301029996	-0.494850022
0.037426498	-0.346787486
0.403120521	0.004321374
0.238046103	0.336459734
0.491361694	0.481442629
0.747411808	0.562292864
1.280350693	0.638489257
0.818225894	0.597695186
-0.045757491	0.459392488
-0.494850022	0.309630167
-0.795880017	0.155336037
0.008600172	-0.187086643
-0.031517051	-0.251811973
-0.337242168	-0.251811973
-0.107905397	-0.22184875
-0.552841969	-0.124938737
0.021189299	0.064457989
0.480006943	0.173186268
0.176091259	0.301029996
0.133538908	0.421603927
-0.031517051	0.451786436
-0.026872146	0.462397998
0.657055853	0.418301291
-0.236572006	0.334453751
-0.040958608	0.184691431
-0.148741651	0.06069784
0.158362492	-0.142667504
0.326335861	-0.055517328
-0.026872146	0.086359831
0.484299839	0.401400541
0.167317335	0.673020907
0.113943352	0.694605199
0.633468456	0.710963119
0.481442629	0.697229343
0.558708571	0.596597096
0.359835482	0.334453751
0.311753861	0.367355921
0.193124598	0.348304863
0.445604203	0.328379603
0.326335861	0.294466226
-0.040958608	0.204119983
0.021189299	0.049218023
-0.443697499	-0.080921908
-0.638272164	-0.161150909
-0.886056648	-0.26760624
-0.420216403	-0.27572413
-1.698970004	-0.638272164
-1.045757491	-0.619788758
-0.508638306	-0.522878745
-0.48148606	-0.387216143
-0.431798276	-0.292429824
0.320146286	-0.15490196
0.274157849	0.117271296
0.354108439	0.414973348
0.532754379	0.561101384
0.967079734	0.643452676
0.225309282	0.716837723
0.913283902	0.696356389
0.565847819	0.57863921
0.136720567	0.434568904
-0.769551079	0.278753601
-0.537602002	-0.017728767
-0.494850022	-0.193820026
-0.769551079	-0.27572413
-0.552841969	-0.244125144
-0.698970004	-0.124938737
-0.327902142	0.068185862
0.064457989	0.178976947
0.120573931	0.326335861
0.356025857	0.463892989
0.423245874	0.482873584
0.26245109	0.484299839
0.071882007	0.440909082
0.045322979	0.348304863
-0.15490196	0.176091259
0.017033339	0.117271296
0.440909082	-0.008773924
0.146128036	0.079181246
0.294466226	0.250420002
0.155336037	0.574031268
0.278753601	0.810904281
0.383815366	0.850646235
0.759667845	0.875061263
0.431363764	0.856124444
-0.244125144	0.744292983
0.075546961	0.495544338
0.564666064	0.485721426
0.334453751	0.457881897
0.808885867	0.439332694
0.559906625	0.390935107
0.33243846	0.33243846
-0.148741651	0.195899652
-0.568636236	0.053078443
-0.568636236	-0.022276395
-1.22184875	-0.060480747
-0.585026652	-0.096910013
-1.096910013	-0.568636236
-0.769551079	-0.508638306
-0.744727495	-0.337242168
-0.494850022	-0.187086643
-0.585026652	-0.107905397
0.100370545	0.012837225
0.206825876	0.322219295
0.536558443	0.527629901
0.954724791	0.641474111
0.904715545	0.716837723
0.401400541	0.791690649
0.482873584	0.747411808
0.334453751	0.6599162
-0.050609993	0.537819095
-0.337242168	0.401400541
-0.494850022	0.130333768
-0.431798276	-0.040958608
-0.161150909	-0.244125144
-0.244125144	-0.15490196
0.187520721	-0.055517328
-0.214670165	0.089905111
-0.173925197	0.195899652
0.164352856	0.285557309
1.037824751	0.444044796
1.098643726	0.496929648
0.551449998	0.503790683
0.06069784	0.46686762
0.264817823	0.423245874
0.037426498	0.255272505
-0.167491087	0.164352856
0.290034611	0.08278537
0.164352856	0.173186268
0.374748346	0.344392274
0.357934847	0.631443769
0.799340549	0.880241776
1.169674434	1.025715384
0.820201459	1.06483222
1.040206628	1.049218023
0.428134794	0.980911938
0.23299611	0.820201459
1.351409752	0.619093331
0.397940009	0.53529412
0.756636108	0.523746467
0.555094449	0.471291711
0.136720567	0.426511261
0.08278537	0.315970345
-0.207608311	0.225309282
-0.27572413	0.161368002
-0.356547324	0.164352856
-0.086186148	0.130333768
-1.522878745	-0.537602002
-0.823908741	-0.431798276
-0.337242168	-0.27572413
-0.207608311	-0.102372909
-0.187086643	0.025305865
0	0.173186268
0.380211242	0.419955748
0.431363764	0.607455023
0.877946952	0.695481676
0.551449998	0.766412847
0.906335042	0.851869601
0.390935107	0.814247596
0.559906625	0.740362689
0.599883072	0.653212514
0.356025857	0.532754379
0.1430148	0.255272505
-0.366531544	0.100370545
-0.619788758	-0.086186148
-0.27572413	-0.050609993
-0.443697499	0.017033339
-0.13667714	0.136720567
-0.327902142	0.238046103
0.08278537	0.334453751
0.139879086	0.522444234
0.50242712	0.580924976
0.392696953	0.57863921
0.161368002	0.542825427
0.238046103	0.488550717
-0.102372909	0.274157849
0.079181246	0.158362492
-0.244125144	0.120573931
0.472756449	0.222716471
0.418301291	0.404833717
0.181843588	0.678518379
0.57863921	0.945468585
0.695481676	1.082426301
1.148602655	1.114610984
1.158663981	1.094471129
1.220369632	1.024485668
0.899820502	0.850646235
0.64246452	0.64738297
0.079181246	0.572871602
0.595496222	0.572871602
0.7084209	0.539076099
0.292256071	0.503790683
0.075546961	0.509202522
-0.251811973	0.526339277
0.350248018	0.51054501
0.146128036	0.556302501
0.271841607	0.57863921
-1.045757491	-0.431798276
-0.744727495	-0.346787486
-0.327902142	-0.214670165
-0.124938737	-0.022276395
-0.244125144	0.093421685
0	0.225309282
0.527629901	0.42975228
0.618048097	0.606381365
1.368472838	0.705007959
0.84135947	0.777426822
0.866877814	0.864511081
0.530199698	0.847572659
0.709269961	0.865103975
0.378397901	0.800029359
0.037426498	0.72427587
-0.48148606	0.562292864
0.173186268	0.463892989
-0.356547324	0.086359831
-0.040958608	0.068185862
-0.214670165	0.117271296
-0.124938737	0.271841607
-0.096910013	0.396199347
0.484299839	0.499687083
0.225309282	0.640481437
0.127104798	0.689308859
0.850646235	0.6599162
0.924795996	0.612783857
0.271841607	0.527629901
0.068185862	0.322219295
0.167317335	0.176091259
-0.040958608	0.155336037
0.250420002	0.245512668
0.045322979	0.42975228
0.29666519	0.696356389
0.741151599	0.958563883
0.928395852	1.106530854
1.532244644	1.154423973
1.103119254	1.133538908
1.270445908	1.071513805
0.921166051	0.904174368
0.399673721	0.695481676
0.133538908	0.557507202
0.932473765	0.572871602
0.847572659	0.564666064
1.223236273	0.57054294
0.540329475	0.62838893
0.376576957	0.653212514
0.591064607	0.653212514
0.684845362	0.681241237
0.103803721	0.710963119
-0.060480747	-0.200659451
-0.508638306	-0.173925197
-0.387216143	-0.096910013
-0.431798276	0.029383778
0.025305865	0.117271296
0.086359831	0.23299611
0.720985744	0.394451681
0.977723605	0.530199698
1.25791845	0.605305046
1.028571253	0.687528961
1.421932813	0.768638101
0.8876173	0.777426822
0.691081492	0.832508913
0.397940009	0.802089258
0.525044807	0.742725131
0.597695186	0.625312451
0.193124598	0.530199698
-0.107905397	0.230448921
-0.318758763	0.170261715
0.068185862	0.198657087
0.318063335	0.376576957
-0.022276395	0.475671188
0.537819095	0.630427875
0.008600172	0.745074792
0.305351369	0.792391689
0.530199698	0.745074792
1.136720567	0.701567985
0.23299611	0.557507202
-0.13076828	0.352182518
0.123851641	0.214843848
0.267171728	0.217483944
0.152288344	0.305351369
0.004321374	0.451786436
0.440909082	0.641474111
0.974050903	0.829946696
1.273232834	1.031812271
0.720985744	1.093421685
1.228656958	1.080265627
0.799340549	1.041392685
0.357934847	0.969415912
0.668385917	0.773054693
0.385606274	0.62838893
0.673941999	0.627365857
0.389166084	0.607455023
0.389166084	0.582063363
0.587710965	0.649334859
0.92788341	0.698100546
1.542078146	0.695481676
0.937517892	0.733999287
0.950364854	0.749736316
-0.017728767	0.008600172
-0.292429824	-0.004364805
-0.397940009	0.004321374
0.041392685	0.041392685
-0.173925197	0.100370545
0.51054501	0.187520721
0.376576957	0.346352974
0.658964843	0.478566496
0.451786436	0.545307116
0.790285164	0.666517981
1.041392685	0.751279104
0.818225894	0.760422483
0.267171728	0.840106094
0.515873844	0.828659897
0.87909588	0.769377326
0.401400541	0.688419822
0.161368002	0.619093331
-0.031517051	0.36361198
-0.15490196	0.303196057
0.012837225	0.344392274
0.733197265	0.457881897
1.006466042	0.537819095
0.961421094	0.693726949
0.826074803	0.810904281
0.459392488	0.857332496
0.691965103	0.81756537
0.625312451	0.787460475
0.350248018	0.653212514
0.004321374	0.457881897
0.209515015	0.250420002
0.324282455	0.225309282
0.445604203	0.283301229
0.260071388	0.403120521
0.604226053	0.558708571
0.973589623	0.741151599
0.450249108	0.96425963
0.376576957	1.030194785
1.125481266	1.024074987
1.049605613	0.997386384
0.557507202	0.946452265
0.739572344	0.741939078
0.691081492	0.579783597
0.206825876	0.57054294
0.46834733	0.562292864
0.103803721	0.526339277
0.342422681	0.622214023
0.718501689	0.691081492
0.653212514	0.697229343
0.544068044	0.733999287
0.330413773	0.758911892
0.06069784	0.08278537
-0.259637311	0.041392685
0.079181246	0.004321374
0.187520721	-0.022276395
0.23299611	0.012837225
0.173186268	0.086359831
-0.337242168	0.149219113
-0.200659451	0.334453751
-0.026872146	0.421603927
0.201397124	0.568201724
0.721810615	0.662757832
0.670245853	0.712649702
0.250420002	0.795880017
0.940018155	0.794488047
0.938519725	0.744292983
0.42975228	0.683947131
0.382017043	0.624282096
0.133538908	0.411619706
0.309630167	0.334453751
0.565847819	0.374748346
0.571708832	0.482873584
0.45331834	0.563481085
1.325104983	0.719331287
1.020361283	0.824776462
1.153814864	0.861534411
0.827369273	0.821513528
0.130333768	0.805500858
0.260071388	0.674861141
0.004321374	0.515873844
-0.040958608	0.346352974
0.181843588	0.305351369
0.198657087	0.292256071
0.1430148	0.372912003
0.274157849	0.542825427
1.256717746	0.681241237
1.195068996	0.780317312
0.703291378	0.849419414
0.611723308	0.847572659
0.633468456	0.795880017
0.891537458	0.748962861
0.515873844	0.660865478
-0.055517328	0.521138084
0.367355921	0.498310554
-0.060480747	0.50242712
0.170261715	0.45484486
0.525044807	0.57863921
0.580924976	0.64738297
0.824125834	0.669316881
0.657055853	0.703291378
0.371067862	0.741151599
0.396199347	0.089905111
0	0.037426498
-0.397940009	-0.008773924
-0.036212173	-0.075720714
0.037426498	-0.13076828
-0.301029996	-0.15490196
-0.795880017	-0.113509275
-0.102372909	0.120573931
-0.292429824	0.245512668
0.465382851	0.409933123
0.243038049	0.506505032
0.075546961	0.586587305
-0.075720714	0.702430536
0.075546961	0.713490543
0.45331834	0.691081492
0.338456494	0.686636269
0.017033339	0.638489257
0.382017043	0.451786436
0.472756449	0.380211242
0.741151599	0.414973348
0.684845362	0.487138375
0.820201459	0.565847819
0.595496222	0.71432976
0.678518379	0.805500858
0.946452265	0.836324116
0.915399835	0.793790385
0.436162647	0.785329835
0.127104798	0.668385917
-0.113509275	0.550228353
0.354108439	0.421603927
0.593286067	0.378397901
0.488550717	0.340444115
0.367355921	0.361727836
1.165837625	0.489958479
0.8162413	0.556302501
1.057285644	0.662757832
0.720985744	0.739572344
1.273232834	0.753583059
0.555094449	0.698100546
0.62324929	0.688419822
0.534026106	0.59439255
0.301029996	0.432969291
0.285557309	0.374748346
0.505149978	0.367355921
0.630427875	0.298853076
0.432969291	0.387389826
0.399673721	0.421603927
0.46834733	0.457881897
0.445604203	0.477121255
0.658011397	0.506505032
-0.397940009	0.089905111
0.113943352	0.021189299
-0.455931956	-0.036212173
-0.619788758	-0.187086643
-0.366531544	-0.301029996
-0.251811973	-0.408935393
-0.508638306	-0.408935393
-0.552841969	-0.207608311
-0.823908741	-0.080921908
-0.229147988	0.193124598
-0.26760624	0.340444115
-0.244125144	0.45484486
-0.167491087	0.503790683
0.184691431	0.545307116
0.315970345	0.527629901
0.053078443	0.574031268
0.356025857	0.523746467
0.606381365	0.477121255
0.705007959	0.434568904
0.857935265	0.460897843
0.986771734	0.421603927
0.501059262	0.45484486
0.944482672	0.604226053
0.859138297	0.721810615
1.287577809	0.756636108
1.191171456	0.747411808
0.725911632	0.781755375
0.51054501	0.703291378
0.925827575	0.605305046
0.821513528	0.5132176
0.706717782	0.46686762
0.632457292	0.396199347
0.80685803	0.389166084
0.887054378	0.450249108
1.057666104	0.484299839
1.180699201	0.546542663
0.942008053	0.571708832
0.561101384	0.586587305
0.725094521	0.517195898
0.346352974	0.509202522
0.432969291	0.409933123
0.045322979	0.290034611
-0.408935393	0.209515015
0.056904851	0.161368002
0.037426498	0.049218023
-0.200659451	0.096910013
-0.337242168	0.173186268
0.021189299	0.217483944
0.068185862	0.269512944
0.830588669	0.28780173
-0.251811973	-0.004364805
0.184691431	-0.070581074
-0.096910013	-0.13667714
-0.337242168	-0.301029996
-0.494850022	-0.455931956
-0.795880017	-0.619788758
-1.22184875	-0.657577319
-1.045757491	-0.508638306
-0.823908741	-0.318758763
-0.619788758	0.017033339
-0.443697499	0.201397124
0.041392685	0.328379603
-0.301029996	0.40654018
0.012837225	0.437750563
0.187520721	0.440909082
0.409933123	0.525044807
0.416640507	0.482873584
1.262688344	0.445604203
0.720159303	0.424881637
1.149834697	0.447158031
0.778874472	0.330413773
0.292256071	0.357934847
0.161368002	0.432969291
0.382017043	0.542825427
0.591064607	0.58546073
1.179551791	0.643452676
0.726727209	0.780317312
0.57634135	0.77815125
0.731588765	0.781036939
1.08278537	0.726727209
0.29666519	0.669316881
0.603144373	0.488550717
0.506505032	0.439332694
0.389166084	0.350248018
0.294466226	0.356025857
0.688419822	0.33243846
0.645422269	0.330413773
0.793790385	0.328379603
0.958085849	0.225309282
0.220108088	0.130333768
0.025305865	0.06069784
-0.050609993	-0.075720714
-0.823908741	-0.173925197
-0.744727495	-0.161150909
-0.207608311	-0.167491087
-0.251811973	-0.086186148
-0.229147988	-0.004364805
0.558708571	0.064457989
0.344392274	0.100370545
0.678518379	0.184691431
-0.214670165	-0.055517328
-0.15490196	-0.13076828
-0.552841969	-0.200659451
-0.468521083	-0.292429824
-0.920818754	-0.443697499
-0.619788758	-0.698970004
-0.585026652	-0.721246399
-1	-0.585026652
-0.366531544	-0.431798276
-0.27572413	-0.327902142
-0.619788758	-0.065501549
-0.585026652	0.096910013
-0.337242168	0.161368002
0.071882007	0.222716471
-0.318758763	0.309630167
0.315970345	0.413299764
0.290034611	0.387389826
1.085290578	0.382017043
0.214843848	0.371067862
0.33243846	0.361727836
0.225309282	0.212187604
0.225309282	0.240549248
0.31386722	0.267171728
0.093421685	0.369215857
0.33243846	0.447158031
0.336459734	0.541579244
0.551449998	0.73479983
0.367355921	0.775974331
0.888179494	0.811575006
0.894869657	0.788168371
0.589949601	0.750508395
0.900913068	0.580924976
0.625312451	0.507855872
0.155336037	0.348304863
0.252853031	0.307496038
-0.031517051	0.222716471
0.505149978	0.173186268
0.790285164	0.136720567
0.408239965	0.06069784
0.545307116	-0.060480747
0.176091259	-0.107905397
-0.494850022	-0.236572006
-0.657577319	-0.318758763
-0.537602002	-0.292429824
-0.568636236	-0.292429824
-1.045757491	-0.207608311
-0.318758763	-0.13076828
-0.091514981	-0.065501549
0.004321374	-0.040958608
0.120573931	0.049218023
0.170261715	-0.036212173
-0.036212173	-0.091514981
0.315970345	-0.148741651
-0.124938737	-0.22184875
-0.657577319	-0.366531544
-0.27572413	-0.522878745
-0.721246399	-0.585026652
-0.744727495	-0.537602002
-1	-0.443697499
-0.698970004	-0.387216143
-1.096910013	-0.161150909
-0.721246399	0.008600172
-0.585026652	0.100370545
-0.004364805	0.184691431
-0.318758763	0.307496038
0.117271296	0.414973348
0.190331698	0.413299764
0.290034611	0.408239965
0.29666519	0.408239965
0.399673721	0.367355921
-0.244125144	0.217483944
0.276461804	0.198657087
-0.065501549	0.176091259
-0.431798276	0.274157849
0.120573931	0.346352974
0.499687083	0.475671188
0.40654018	0.706717782
0.8162413	0.86332286
1.667733053	0.930949031
0.902002891	0.935003151
1.278296208	0.913813852
0.431363764	0.797267541
0.584331224	0.621176282
0.460897843	0.36361198
0.644438589	0.257678575
0.222716471	0.11058971
0.029383778	0.008600172
-0.259637311	-0.080921908
-0.27572413	-0.096910013
-0.065501549	-0.236572006
-0.431798276	-0.26760624
-0.070581074	-0.420216403
-0.522878745	-0.494850022
-0.619788758	-0.48148606
-0.292429824	-0.455931956
-0.301029996	-0.366531544
-0.366531544	-0.229147988
-0.187086643	-0.15490196
-0.080921908	-0.124938737
-0.022276395	-0.045757491
0.012837225	0.187520721
0.212187604	0.123851641
0.181843588	0.068185862
-0.113509275	-0.096910013
-0.107905397	-0.251811973
-0.30980392	-0.37675071
-1	-0.48148606
-0.698970004	-0.568636236
-1	-0.552841969
-0.886056648	-0.522878745
-0.958607315	-0.26760624
-0.619788758	-0.086186148
-0.337242168	0.056904851
-0.259637311	0.161368002
-0.124938737	0.301029996
0.799340549	0.397940009
0.491361694	0.432969291
0.7084209	0.423245874
0.736396502	0.423245874
-0.15490196	0.372912003
0.29666519	0.245512668
-0.15490196	0.167317335
0.181843588	0.117271296
0.130333768	0.181843588
-0.356547324	0.250420002
0.635483747	0.404833717
0.531478917	0.682145076
1.051923916	0.881954971
1.638489257	0.961895474
1.033423755	0.979548375
1.04453976	0.968949681
0.7930916	0.862727528
0.749736316	0.667452953
0.805500858	0.419955748
0.51851394	0.252853031
0.008600172	0.041392685
-0.657577319	-0.107905397
-0.214670165	-0.283996656
-0.070581074	-0.27572413
-0.537602002	-0.346787486
-0.795880017	-0.337242168
-0.142667504	-0.443697499
-0.366531544	-0.420216403
-0.853871964	-0.420216403
-0.397940009	-0.408935393
0.292256071	-0.327902142
-0.619788758	-0.236572006
0.117271296	-0.173925197
0.10720997	-0.13076828
0.240549248	-0.050609993
0.367355921	0.29666519
0.64246452	0.230448921
0.552668216	0.176091259
0.492760389	0.012837225
0.257678575	-0.148741651
-0.283996656	-0.26760624
-0.173925197	-0.366531544
-0.408935393	-0.443697499
-0.346787486	-0.468521083
-0.494850022	-0.494850022
-0.920818754	-0.443697499
-0.619788758	-0.318758763
-0.920818754	-0.13076828
-0.27572413	0.017033339
0.136720567	0.193124598
1.287577809	0.281033367
0.890979597	0.397940009
1.288696261	0.408239965
1.005609445	0.403120521
0.103803721	0.336459734
0.037426498	0.285557309
0.527629901	0.1430148
0.012837225	0.071882007
0.068185862	0.123851641
0.139879086	0.212187604
0	0.378397901
0.371067862	0.662757832
0.810904281	0.886490725
1.628082261	0.972202838
1.765817515	1.011147361
1.235275877	1.004321374
1.356981401	0.914343157
0.914343157	0.720159303
0.42975228	0.506505032
0.274157849	0.274157849
-0.22184875	0.037426498
-0.356547324	-0.187086643
-0.468521083	-0.366531544
-0.200659451	-0.356547324
-0.522878745	-0.346787486
-0.193820026	-0.283996656
-0.200659451	-0.301029996
-0.337242168	-0.180456064
-0.585026652	-0.187086643
-0.346787486	-0.180456064
0.025305865	-0.15490196
-0.327902142	-0.086186148
-0.337242168	-0.013228266
0.416640507	0.041392685
0.989894564	0.120573931
0.95568775	0.365487985
1.16790781	0.311753861
0.592176757	0.274157849
0.371067862	0.123851641
0.361727836	0.004321374
-0.552841969	-0.060480747
-0.091514981	-0.15490196
-0.744727495	-0.283996656
-0.408935393	-0.346787486
-0.431798276	-0.431798276
-0.698970004	-0.537602002
-0.568636236	-0.508638306
-0.958607315	-0.27572413
-0.356547324	-0.070581074
0.017033339	0.130333768
0.563481085	0.217483944
0.440909082	0.372912003
0.828015064	0.390935107
0.882524538	0.396199347
0.711807229	0.340444115
0.201397124	0.311753861
0.40654018	0.170261715
0.408239965	0.11058971
0.824776462	0.096910013
0.409933123	0.167317335
0.071882007	0.271841607
0.029383778	0.496929648
0.434568904	0.790988475
0.440909082	0.88422877
1.126131407	0.95230801
1.323870607	1.011147361
1.333850145	0.979092901
0.539076099	0.822821645
0.498310554	0.693726949
0.342422681	0.515873844
-0.22184875	0.149219113
-0.431798276	-0.124938737
-0.522878745	-0.259637311
0.1430148	-0.207608311
-0.337242168	-0.148741651
0.463892989	-0.065501549
-0.113509275	-0.055517328
-0.193820026	0.021189299
-0.292429824	0.012837225
0.033423755	0.017033339
0.017033339	0.012837225
-0.080921908	0.079181246
0.514547753	0.123851641
0.551449998	0.167317335
0.664641976	0.220108088
0.382017043	0.378397901
0.952792443	0.346352974
0.318063335	0.320146286
0.247973266	0.167317335
0.600972896	0.06069784
-0.161150909	0.037426498
-0.161150909	-0.050609993
0.025305865	-0.200659451
0.382017043	-0.301029996
-0.721246399	-0.397940009
-1.22184875	-0.508638306
-1.15490196	-0.585026652
-1.15490196	-0.30980392
-0.568636236	-0.124938737
-0.292429824	0.08278537
0.271841607	0.164352856
0.139879086	0.336459734
0.334453751	0.36361198
0.73239376	0.376576957
0.903632516	0.346352974
-0.086186148	0.33243846
0.371067862	0.195899652
0.29666519	0.136720567
0.759667845	0.086359831
0.597695186	0.041392685
0.344392274	0.158362492
0.064457989	0.365487985
0.411619706	0.711807229
0.743509765	0.823474229
0.737192643	0.913283902
1.633064273	0.980003372
0.731588765	0.967547976
0.428134794	0.826074803
0.371067862	0.7084209
0.120573931	0.564666064
-0.13667714	0.278753601
-0.744727495	0.204119983
-0.537602002	0.164352856
0.089905111	0.181843588
0.136720567	0.161368002
0.322219295	0.209515015
0.26245109	0.100370545
0.382017043	0.117271296
0.170261715	0.155336037
0.539076099	0.173186268
0.340444115	0.193124598
0.437750563	0.301029996
0.336459734	0.336459734
0.635483747	0.365487985
1.025305865	0.419955748
0.187520721	0.418301291
0.611723308	0.383815366
0.049218023	0.36361198
-0.050609993	0.222716471
0.139879086	0.130333768
0.123851641	0.089905111
0.064457989	0.025305865
-0.251811973	-0.124938737
-0.207608311	-0.214670165
-0.886056648	-0.283996656
-1.522878745	-0.443697499
-1.301029996	-0.602059991
-1.15490196	-0.387216143
-0.744727495	-0.22184875
-0.207608311	-0.045757491
-0.455931956	0.056904851
-0.102372909	0.240549248
0.471291711	0.276461804
0.495544338	0.283301229
0.217483944	0.276461804
0.252853031	0.26245109
-0.022276395	0.136720567
0.222716471	0.093421685
0.181843588	0.079181246
0.53529412	0.029383778
0.260071388	0.100370545
0.149219113	0.301029996
0.08278537	0.51851394
0.703291378	0.71432976
0.835690571	0.846955325
1.306210508	0.949877704
0.730782276	0.958563883
0.822821645	0.908485019
0.618048097	0.80140371
0.149219113	0.683947131
0.139879086	0.511883361
-0.193820026	0.447158031
-0.420216403	0.445604203
0.404833717	0.42975228
0.546542663	0.383815366
0.041392685	0.326335861
0.004321374	0.225309282
0.40654018	0.193124598
0.113943352	0.252853031
0.440909082	0.292256071
0.390935107	0.342422681
0.779596491	0.418301291
0.525044807	0.46834733
1.037426498	0.492760389
1.071513805	0.539076099
0.69019608	0.356025857
0.655138435	0.356025857
0.139879086	0.342422681
0.012837225	0.26245109
0.212187604	0.212187604
0.23299611	0.161368002
-0.017728767	0.100370545
0	-0.017728767
-0.091514981	-0.096910013
-0.619788758	-0.167491087
-0.886056648	-0.301029996
-1.301029996	-0.431798276
-1.045757491	-0.337242168
-0.200659451	-0.26760624
-0.48148606	-0.13076828
-0.22184875	-0.045757491
0.195899652	0.100370545
0.330413773	0.1430148
0.178976947	0.167317335
0.049218023	0.164352856
0.307496038	0.149219113
0.444044796	0.029383778
0	0
0.025305865	-0.008773924
0.501059262	-0.036212173
0.037426498	0.045322979
-0.013228266	0.243038049
0.390935107	0.44870632
0.29666519	0.677606953
0.745074792	0.840106094
0.743509765	0.954242509
0.876794976	1.009450896
1.008600172	0.982723388
1.123851641	0.900913068
0.049218023	0.797267541
0.662757832	0.672097858
0.564666064	0.541579244
0.773054693	0.553883027
0.597695186	0.53529412
0.338456494	0.544068044
0.33243846	0.489958479
0.439332694	0.423245874
0.434568904	0.376576957
0.380211242	0.606381365
0.235528447	0.596597096
0.681241237	0.654176542
1.39497672	0.698970004
0.815577748	0.745855195
1.058805487	0.650307523
1.06483222	0.688419822
0.309630167	0.33243846
0.298853076	0.359835482
0.389166084	0.365487985
-0.142667504	0.338456494
0.346352974	0.334453751
-0.091514981	0.315970345
0.008600172	0.320146286
0.012837225	0.227886705
0.187520721	0.155336037
-1	0.086359831
-0.055517328	-0.060480747
-0.397940009	-0.327902142
-0.744727495	-0.251811973
-0.468521083	-0.207608311
-0.080921908	-0.142667504
-0.301029996	-0.070581074
0.227886705	-0.040958608
0.371067862	-0.004364805
0.056904851	0.025305865
-0.124938737	0.041392685
-0.13667714	0.004321374
-0.050609993	-0.036212173
0.103803721	-0.065501549
-0.026872146	-0.080921908
0.012837225	-0.119186408
0.33243846	-0.091514981
-0.22184875	0.178976947
0.257678575	0.378397901
0.841984805	0.667452953
0.758911892	0.838219222
1.169674434	1.013258665
1.197831693	1.074450719
1.260548373	1.065579715
0.982723388	1.000434077
0.588831726	0.922206277
0.565847819	0.766412847
0.561101384	0.64738297
0.809559715	0.705863712
1.182984967	0.67669361
0.51851394	0.69019608
0.426511261	0.657055853
0.776701184	0.63447727
0.773786445	0.5132176
0.187520721	0.71432976
0.733999287	0.712649702
1.123851641	0.758911892
1.243534102	0.77524626
0.954724791	0.820201459
0.50242712	0.72427587
0.618048097	0.750508395
-0.397940009	0.367355921
0.305351369	0.414973348
0.752048448	0.447158031
0.292256071	0.540329475
0.029383778	0.599883072
0.204119983	0.580924976
0.336459734	0.57054294
0.525044807	0.498310554
0.557507202	0.354108439
-0.468521083	0.184691431
-0.337242168	0.025305865
-0.200659451	-0.200659451
-0.327902142	-0.167491087
-0.508638306	-0.148741651
-0.619788758	-0.102372909
-0.070581074	-0.050609993
-0.27572413	-0.050609993
-0.055517328	-0.055517328
-0.327902142	-0.075720714
-0.823908741	-0.070581074
-0.657577319	-0.107905397
-0.853871964	-0.148741651
-0.017728767	-0.187086643
-0.744727495	-0.173925197
-0.537602002	-0.200659451
0.123851641	-0.124938737
0.385606274	0.167317335
0.322219295	0.44870632
0.394451681	0.737987326
0.649334859	0.880241776
0.914343157	1.064457989
1.142702246	1.121559844
2.011570444	1.157758886
0.975891136	1.108226656
0.57634135	1.059563418
0.661812686	0.927370363
0.592176757	0.851869601
1.396722279	0.822821645
0.812913357	0.771587481
0.716003344	0.770115295
0.900913068	0.759667845
0.532754379	0.759667845
0.710117365	0.610660163
0.786751422	0.770852012
0.858537198	0.802089258
1.380753771	0.818225894
1.022428371	0.802773725
0.898725182	0.84509804
0.797959644	0.766412847
0.911157609	0.748962861
-0.823908741	0.383815366
-0.318758763	0.432969291
-0.013228266	0.472756449
-0.200659451	0.589949601
-0.30980392	0.661812686
0.372912003	0.644438589
-0.107905397	0.640481437
0.276461804	0.572871602
0.357934847	0.431363764
-0.214670165	0.255272505
-0.055517328	0.086359831
-0.283996656	-0.13667714
-0.251811973	-0.124938737
-0.366531544	-0.124938737
-0.657577319	-0.096910013
0.170261715	-0.040958608
0.193124598	-0.055517328
-0.251811973	-0.080921908
-0.318758763	-0.13076828
-0.823908741	-0.161150909
-0.744727495	-0.214670165
-0.585026652	-0.26760624
-0.468521083	-0.318758763
-0.853871964	-0.283996656
-0.494850022	-0.259637311
0.243038049	-0.187086643
0.802089258	0.193124598
1.308564414	0.50242712
0.789580712	0.803457116
0.957128198	0.944975908
1.005609445	1.136086097
1.623145875	1.191171456
0.970811611	1.22762965
1.20709554	1.179551791
0.919078092	1.126456113
0.699837726	0.985875357
0.700703717	0.886490725
0.662757832	0.851258349
1.137670537	0.790285164
0.944482672	0.802773725
1.184975191	0.790988475
0.622214023	0.822821645
0.568201724	0.672097858
1.003460532	0.832508913
1.026533265	0.862727528
1.13001195	0.874481818
0.800029359	0.836324116
0.706717782	0.881384657
0.924279286	0.788875116
0.583198774	0.754348336
-0.698970004	0.371067862
-0.853871964	0.44870632
0.155336037	0.499687083
-0.060480747	0.653212514
0.075546961	0.746634199
0.769377326	0.73479983
0.604226053	0.72916479
0.909556029	0.667452953
-0.065501549	0.517195898
0.276461804	0.322219295
-0.031517051	0.155336037
-0.167491087	-0.070581074
-0.356547324	-0.070581074
-0.397940009	-0.086186148
-0.494850022	-0.060480747
-0.004364805	-0.017728767
-0.004364805	-0.031517051
-0.086186148	-0.060480747
-0.568636236	-0.113509275
-1.045757491	-0.161150909
-1.522878745	-0.26760624
-1.301029996	-0.37675071
-0.443697499	-0.508638306
-0.886056648	-0.455931956
-1.522878745	-0.387216143
-0.443697499	-0.214670165
0.181843588	0.181843588
0.365487985	0.556302501
0.463892989	0.780317312
0.910090546	0.922206277
1.082066934	1.144885418
0.739572344	1.21005085
1.433609843	1.25358029
1.467756051	1.232487866
1.548757829	1.185258765
1.161368002	1.017033339
0.292256071	0.905256049
0.896526217	0.851258349
0.985875357	0.785329835
1.132579848	0.824776462
1.538824989	0.858537198
1.133219457	0.904715545
0.629409599	0.755874856
0.571708832	0.922206277
0.155336037	0.946452265
0.851869601	0.945468585
0.966610987	0.901458321
0.269512944	0.935507266
0.049218023	0.818885415
0.217483944	0.765668555
