All of the secondary data plus 29 primary data
4
Xlocation
Ylocation
Primary
Secondary
  .5   .5 -1.00  3.26
 1.5   .5 -1.00  2.64
 2.5   .5 -1.00  2.15
 3.5   .5 -1.00  1.69
 4.5   .5 -1.00   .51
 5.5   .5 -1.00   .27
 6.5   .5 -1.00   .16
 7.5   .5 -1.00   .31
 8.5   .5 -1.00   .39
 9.5   .5 -1.00   .40
10.5   .5 -1.00   .42
11.5   .5 -1.00   .42
12.5   .5 -1.00   .30
13.5   .5 -1.00   .25
14.5   .5 -1.00   .32
15.5   .5 -1.00   .57
16.5   .5 -1.00   .61
17.5   .5 -1.00   .64
18.5   .5 -1.00   .69
19.5   .5 -1.00   .65
20.5   .5 -1.00   .46
21.5   .5 -1.00   .42
22.5   .5 -1.00   .46
23.5   .5 -1.00   .49
24.5   .5 -1.00   .60
25.5   .5 -1.00   .66
26.5   .5 -1.00   .94
27.5   .5 -1.00  1.44
28.5   .5 -1.00  1.85
29.5   .5 -1.00  2.22
30.5   .5 -1.00  2.84
31.5   .5 -1.00  2.72
32.5   .5 -1.00  2.20
33.5   .5 -1.00  1.73
34.5   .5 -1.00  1.26
35.5   .5 -1.00   .65
36.5   .5 -1.00   .61
37.5   .5 -1.00   .69
38.5   .5 -1.00   .90
39.5   .5 -1.00   .94
40.5   .5 -1.00   .87
41.5   .5 -1.00   .77
42.5   .5 -1.00   .66
43.5   .5 -1.00   .47
44.5   .5 -1.00   .67
45.5   .5 -1.00  1.02
46.5   .5 -1.00  1.71
47.5   .5 -1.00  2.88
48.5   .5 -1.00  3.50
49.5   .5 -1.00  4.15
  .5  1.5 -1.00  2.84
 1.5  1.5 -1.00  2.32
 2.5  1.5 -1.00  1.89
 3.5  1.5 -1.00  1.51
 4.5  1.5 -1.00   .56
 5.5  1.5 -1.00   .27
 6.5  1.5 -1.00   .17
 7.5  1.5 -1.00   .30
 8.5  1.5 -1.00   .36
 9.5  1.5 -1.00   .37
10.5  1.5 -1.00   .38
11.5  1.5 -1.00   .37
12.5  1.5 -1.00   .27
13.5  1.5 -1.00   .23
14.5  1.5 -1.00   .27
15.5  1.5 -1.00   .47
16.5  1.5 -1.00   .50
17.5  1.5 -1.00   .52
18.5  1.5 -1.00   .55
19.5  1.5 -1.00   .52
20.5  1.5   .09   .39
21.5  1.5 -1.00   .36
22.5  1.5 -1.00   .42
23.5  1.5 -1.00   .48
24.5  1.5 -1.00   .61
25.5  1.5 -1.00   .77
26.5  1.5 -1.00  1.01
27.5  1.5 -1.00  1.43
28.5  1.5 -1.00  1.78
29.5  1.5 -1.00  2.08
30.5  1.5 -1.00  2.51
31.5  1.5 -1.00  2.46
32.5  1.5 -1.00  2.04
33.5  1.5 -1.00  1.65
34.5  1.5 -1.00  1.27
35.5  1.5 -1.00   .72
36.5  1.5 -1.00   .63
37.5  1.5 -1.00   .69
38.5  1.5 -1.00   .83
39.5  1.5 -1.00   .88
40.5  1.5 -1.00   .85
41.5  1.5 -1.00   .80
42.5  1.5 -1.00   .68
43.5  1.5 -1.00   .56
44.5  1.5 -1.00   .70
45.5  1.5 -1.00  1.15
46.5  1.5 -1.00  1.82
47.5  1.5 -1.00  3.41
48.5  1.5 -1.00  4.14
49.5  1.5 -1.00  5.03
  .5  2.5 -1.00  2.65
 1.5  2.5 -1.00  2.18
 2.5  2.5 -1.00  1.83
 3.5  2.5 -1.00  1.50
 4.5  2.5 -1.00   .66
 5.5  2.5 -1.00   .37
 6.5  2.5 -1.00   .29
 7.5  2.5 -1.00   .34
 8.5  2.5 -1.00   .36
 9.5  2.5 -1.00   .34
10.5  2.5 -1.00   .35
11.5  2.5 -1.00   .31
12.5  2.5 -1.00   .23
13.5  2.5 -1.00   .22
14.5  2.5 -1.00   .25
15.5  2.5 -1.00   .41
16.5  2.5 -1.00   .44
17.5  2.5 -1.00   .45
18.5  2.5 -1.00   .47
19.5  2.5 -1.00   .45
20.5  2.5 -1.00   .34
21.5  2.5 -1.00   .34
22.5  2.5 -1.00   .49
23.5  2.5 -1.00   .59
24.5  2.5 -1.00   .72
25.5  2.5 -1.00   .91
26.5  2.5 -1.00  1.12
27.5  2.5 -1.00  1.44
28.5  2.5 -1.00  1.70
29.5  2.5 -1.00  1.93
30.5  2.5 -1.00  2.27
31.5  2.5 -1.00  2.23
32.5  2.5 -1.00  1.85
33.5  2.5 -1.00  1.51
34.5  2.5 -1.00  1.21
35.5  2.5 -1.00   .71
36.5  2.5 -1.00   .62
37.5  2.5 -1.00   .66
38.5  2.5 -1.00   .80
39.5  2.5 -1.00   .87
40.5  2.5 -1.00   .90
41.5  2.5 -1.00   .88
42.5  2.5 -1.00   .78
43.5  2.5 -1.00   .65
44.5  2.5 -1.00   .73
45.5  2.5 -1.00  1.14
46.5  2.5 -1.00  1.70
47.5  2.5 -1.00  3.05
48.5  2.5 -1.00  3.69
49.5  2.5 -1.00  4.48
  .5  3.5 -1.00  3.07
 1.5  3.5 -1.00  2.61
 2.5  3.5 -1.00  2.27
 3.5  3.5 -1.00  1.96
 4.5  3.5 -1.00   .98
 5.5  3.5 -1.00   .69
 6.5  3.5 -1.00   .54
 7.5  3.5 -1.00   .44
 8.5  3.5 -1.00   .37
 9.5  3.5 -1.00   .33
10.5  3.5 -1.00   .31
11.5  3.5 -1.00   .24
12.5  3.5 -1.00   .19
13.5  3.5 -1.00   .18
14.5  3.5 -1.00   .17
15.5  3.5 -1.00   .21
16.5  3.5 -1.00   .22
17.5  3.5 -1.00   .21
18.5  3.5 -1.00   .21
19.5  3.5 -1.00   .22
20.5  3.5 -1.00   .26
21.5  3.5 -1.00   .30
22.5  3.5 -1.00   .55
23.5  3.5 -1.00   .72
24.5  3.5 -1.00   .84
25.5  3.5 -1.00  1.03
26.5  3.5 -1.00  1.15
27.5  3.5 -1.00  1.21
28.5  3.5 -1.00  1.40
29.5  3.5 -1.00  1.53
30.5  3.5 -1.00  1.66
31.5  3.5 -1.00  1.68
32.5  3.5 -1.00  1.48
33.5  3.5 -1.00  1.19
34.5  3.5 -1.00   .99
35.5  3.5 -1.00   .66
36.5  3.5 -1.00   .57
37.5  3.5 -1.00   .58
38.5  3.5 -1.00   .68
39.5  3.5 -1.00   .76
40.5  3.5 -1.00   .85
41.5  3.5 -1.00   .91
42.5  3.5 -1.00   .89
43.5  3.5 -1.00   .84
44.5  3.5 -1.00   .85
45.5  3.5 -1.00  1.15
46.5  3.5 -1.00  1.65
47.5  3.5 -1.00  2.83
48.5  3.5 -1.00  3.35
49.5  3.5 -1.00  4.13
  .5  4.5 -1.00  4.02
 1.5  4.5 -1.00  3.72
 2.5  4.5 -1.00  3.37
 3.5  4.5 -1.00  2.64
 4.5  4.5 -1.00  1.75
 5.5  4.5 -1.00  1.34
 6.5  4.5 -1.00   .92
 7.5  4.5 -1.00   .57
 8.5  4.5 -1.00   .45
 9.5  4.5 -1.00   .39
10.5  4.5 -1.00   .32
11.5  4.5 -1.00   .21
12.5  4.5 -1.00   .18
13.5  4.5 -1.00   .16
14.5  4.5 -1.00   .16
15.5  4.5 -1.00   .18
16.5  4.5 -1.00   .19
17.5  4.5 -1.00   .20
18.5  4.5 -1.00   .19
19.5  4.5 -1.00   .21
20.5  4.5 -1.00   .28
21.5  4.5 -1.00   .36
22.5  4.5 -1.00   .62
23.5  4.5 -1.00   .87
24.5  4.5 -1.00  1.12
25.5  4.5  1.81  1.37
26.5  4.5 -1.00  1.63
27.5  4.5 -1.00  1.81
28.5  4.5 -1.00  2.13
29.5  4.5 -1.00  2.22
30.5  4.5 -1.00  2.22
31.5  4.5 -1.00  2.03
32.5  4.5 -1.00  1.69
33.5  4.5 -1.00  1.19
34.5  4.5 -1.00   .89
35.5  4.5 -1.00   .60
36.5  4.5 -1.00   .49
37.5  4.5 -1.00   .49
38.5  4.5 -1.00   .56
39.5  4.5 -1.00   .66
40.5  4.5 -1.00   .83
41.5  4.5 -1.00  1.04
42.5  4.5 -1.00  1.14
43.5  4.5 -1.00  1.14
44.5  4.5 -1.00  1.13
45.5  4.5 -1.00  1.38
46.5  4.5 -1.00  1.69
47.5  4.5 -1.00  2.71
48.5  4.5 -1.00  3.17
49.5  4.5 -1.00  3.91
  .5  5.5 -1.00  6.32
 1.5  5.5 -1.00  6.72
 2.5  5.5 -1.00  5.93
 3.5  5.5 -1.00  4.53
 4.5  5.5 -1.00  3.53
 5.5  5.5 -1.00  2.82
 6.5  5.5 -1.00  1.38
 7.5  5.5 -1.00   .87
 8.5  5.5 -1.00   .64
 9.5  5.5 -1.00   .46
10.5  5.5 -1.00   .35
11.5  5.5 -1.00   .24
12.5  5.5 -1.00   .23
13.5  5.5 -1.00   .21
14.5  5.5 -1.00   .19
15.5  5.5 -1.00   .19
16.5  5.5 -1.00   .19
17.5  5.5 -1.00   .19
18.5  5.5 -1.00   .18
19.5  5.5 -1.00   .21
20.5  5.5 -1.00   .30
21.5  5.5 -1.00   .59
22.5  5.5 -1.00   .98
23.5  5.5 -1.00  1.31
24.5  5.5 -1.00  1.78
25.5  5.5 -1.00  2.08
26.5  5.5 -1.00  2.27
27.5  5.5 -1.00  2.32
28.5  5.5 -1.00  2.48
29.5  5.5 -1.00  2.41
30.5  5.5 -1.00  2.24
31.5  5.5 -1.00  1.88
32.5  5.5 -1.00  1.54
33.5  5.5 -1.00  1.11
34.5  5.5 -1.00   .76
35.5  5.5 -1.00   .55
36.5  5.5 -1.00   .41
37.5  5.5 -1.00   .38
38.5  5.5 -1.00   .40
39.5  5.5 -1.00   .56
40.5  5.5 -1.00   .83
41.5  5.5 -1.00  1.11
42.5  5.5 -1.00  1.31
43.5  5.5 -1.00  1.44
44.5  5.5 -1.00  1.48
45.5  5.5 -1.00  1.71
46.5  5.5 -1.00  1.79
47.5  5.5 -1.00  2.45
48.5  5.5 -1.00  2.76
49.5  5.5 -1.00  3.16
  .5  6.5 -1.00 12.13
 1.5  6.5 -1.00 11.41
 2.5  6.5 -1.00  9.78
 3.5  6.5 -1.00  5.94
 4.5  6.5 -1.00  4.31
 5.5  6.5 -1.00  3.33
 6.5  6.5 -1.00  1.63
 7.5  6.5 -1.00  1.03
 8.5  6.5 -1.00   .79
 9.5  6.5 -1.00   .58
10.5  6.5 -1.00   .41
11.5  6.5 -1.00   .31
12.5  6.5 -1.00   .29
13.5  6.5 -1.00   .23
14.5  6.5 -1.00   .21
15.5  6.5 -1.00   .21
16.5  6.5 -1.00   .21
17.5  6.5 -1.00   .21
18.5  6.5 -1.00   .23
19.5  6.5 -1.00   .31
20.5  6.5 -1.00   .45
21.5  6.5 -1.00   .82
22.5  6.5 -1.00  1.39
23.5  6.5 -1.00  1.73
24.5  6.5 -1.00  2.15
25.5  6.5 -1.00  2.32
26.5  6.5 -1.00  2.48
27.5  6.5 -1.00  2.35
28.5  6.5 -1.00  2.42
29.5  6.5 -1.00  2.37
30.5  6.5 -1.00  2.27
31.5  6.5 -1.00  1.84
32.5  6.5 -1.00  1.46
33.5  6.5 -1.00  1.06
34.5  6.5 -1.00   .64
35.5  6.5 -1.00   .46
36.5  6.5 -1.00   .32
37.5  6.5 -1.00   .29
38.5  6.5 -1.00   .34
39.5  6.5 -1.00   .54
40.5  6.5 -1.00   .80
41.5  6.5 -1.00  1.10
42.5  6.5 -1.00  1.41
43.5  6.5 -1.00  1.56
44.5  6.5 -1.00  1.64
45.5  6.5 -1.00  1.89
46.5  6.5 -1.00  2.00
47.5  6.5 -1.00  2.21
48.5  6.5 -1.00  2.40
49.5  6.5 -1.00  2.61
  .5  7.5 -1.00 14.04
 1.5  7.5 -1.00 13.44
 2.5  7.5 -1.00 11.62
 3.5  7.5 -1.00  7.37
 4.5  7.5 -1.00  5.58
 5.5  7.5 -1.00  4.13
 6.5  7.5 -1.00  1.99
 7.5  7.5 -1.00  1.22
 8.5  7.5 -1.00   .97
 9.5  7.5 -1.00   .73
10.5  7.5 -1.00   .54
11.5  7.5 -1.00   .41
12.5  7.5 -1.00   .38
13.5  7.5 -1.00   .29
14.5  7.5 -1.00   .26
15.5  7.5 -1.00   .26
16.5  7.5 -1.00   .28
17.5  7.5 -1.00   .30
18.5  7.5 -1.00   .37
19.5  7.5 -1.00   .45
20.5  7.5 -1.00   .76
21.5  7.5 -1.00  1.35
22.5  7.5 -1.00  1.89
23.5  7.5 -1.00  2.13
24.5  7.5 -1.00  2.58
25.5  7.5 -1.00  2.50
26.5  7.5 -1.00  2.39
27.5  7.5 -1.00  2.21
28.5  7.5 -1.00  2.44
29.5  7.5 -1.00  2.35
30.5  7.5 -1.00  2.27
31.5  7.5 -1.00  1.87
32.5  7.5 -1.00  1.50
33.5  7.5 -1.00   .99
34.5  7.5 -1.00   .58
35.5  7.5 -1.00   .40
36.5  7.5 -1.00   .29
37.5  7.5 -1.00   .27
38.5  7.5 -1.00   .31
39.5  7.5 -1.00   .47
40.5  7.5   .19   .75
41.5  7.5 -1.00  1.03
42.5  7.5 -1.00  1.34
43.5  7.5 -1.00  1.61
44.5  7.5 -1.00  1.85
45.5  7.5 -1.00  2.15
46.5  7.5 -1.00  2.30
47.5  7.5 -1.00  2.55
48.5  7.5 -1.00  2.70
49.5  7.5 -1.00  2.79
  .5  8.5 -1.00 14.95
 1.5  8.5 -1.00 14.09
 2.5  8.5 -1.00 12.32
 3.5  8.5 -1.00  7.59
 4.5  8.5 -1.00  6.10
 5.5  8.5 -1.00  4.68
 6.5  8.5 -1.00  2.58
 7.5  8.5 -1.00  1.63
 8.5  8.5 -1.00  1.24
 9.5  8.5 -1.00   .83
10.5  8.5 -1.00   .58
11.5  8.5 -1.00   .46
12.5  8.5 -1.00   .43
13.5  8.5 -1.00   .36
14.5  8.5 -1.00   .34
15.5  8.5 -1.00   .35
16.5  8.5 -1.00   .37
17.5  8.5 -1.00   .42
18.5  8.5 -1.00   .50
19.5  8.5 -1.00   .61
20.5  8.5 -1.00  1.02
21.5  8.5 -1.00  1.64
22.5  8.5 -1.00  2.11
23.5  8.5 -1.00  2.34
24.5  8.5 -1.00  2.73
25.5  8.5 -1.00  2.49
26.5  8.5 -1.00  2.29
27.5  8.5 -1.00  2.07
28.5  8.5 -1.00  2.25
29.5  8.5 -1.00  2.12
30.5  8.5 -1.00  2.07
31.5  8.5 -1.00  1.74
32.5  8.5 -1.00  1.45
33.5  8.5 -1.00   .97
34.5  8.5 -1.00   .64
35.5  8.5 -1.00   .54
36.5  8.5 -1.00   .39
37.5  8.5 -1.00   .37
38.5  8.5 -1.00   .42
39.5  8.5 -1.00   .57
40.5  8.5 -1.00   .77
41.5  8.5 -1.00  1.05
42.5  8.5 -1.00  1.40
43.5  8.5 -1.00  1.66
44.5  8.5 -1.00  3.63
45.5  8.5 -1.00  4.27
46.5  8.5 -1.00  4.45
47.5  8.5 -1.00  4.89
48.5  8.5 -1.00  5.62
49.5  8.5 -1.00  3.78
  .5  9.5 -1.00 22.46
 1.5  9.5 -1.00 19.74
 2.5  9.5 -1.00 17.02
 3.5  9.5 -1.00 12.01
 4.5  9.5 -1.00  7.33
 5.5  9.5 -1.00  5.27
 6.5  9.5 -1.00  3.15
 7.5  9.5 -1.00  2.05
 8.5  9.5 -1.00  1.42
 9.5  9.5 -1.00   .86
10.5  9.5 -1.00   .64
11.5  9.5 -1.00   .56
12.5  9.5 -1.00   .51
13.5  9.5 -1.00   .42
14.5  9.5 -1.00   .43
15.5  9.5 -1.00   .45
16.5  9.5 -1.00   .48
17.5  9.5 -1.00   .54
18.5  9.5 -1.00   .67
19.5  9.5 -1.00   .84
20.5  9.5 -1.00  1.31
21.5  9.5 -1.00  2.11
22.5  9.5 -1.00  2.55
23.5  9.5 -1.00  2.67
24.5  9.5 -1.00  2.82
25.5  9.5 -1.00  2.43
26.5  9.5 -1.00  1.80
27.5  9.5 -1.00  1.40
28.5  9.5 -1.00  1.38
29.5  9.5 -1.00  1.26
30.5  9.5 -1.00  1.30
31.5  9.5 -1.00  1.23
32.5  9.5 -1.00  1.14
33.5  9.5 -1.00   .93
34.5  9.5 -1.00   .74
35.5  9.5 -1.00   .63
36.5  9.5 -1.00   .47
37.5  9.5 -1.00   .47
38.5  9.5 -1.00   .57
39.5  9.5 -1.00   .71
40.5  9.5 -1.00   .90
41.5  9.5 -1.00  1.06
42.5  9.5 -1.00  1.33
43.5  9.5 -1.00  1.68
44.5  9.5 -1.00  4.23
45.5  9.5 -1.00  5.28
46.5  9.5 -1.00  6.04
47.5  9.5 -1.00  6.83
48.5  9.5 -1.00  7.88
49.5  9.5 -1.00  5.79
  .5 10.5 -1.00 21.33
 1.5 10.5 -1.00 18.09
 2.5 10.5  2.55 15.91
 3.5 10.5 -1.00 11.50
 4.5 10.5 -1.00  6.67
 5.5 10.5 -1.00  4.84
 6.5 10.5 -1.00  3.36
 7.5 10.5 -1.00  2.07
 8.5 10.5 -1.00  1.25
 9.5 10.5 -1.00   .81
10.5 10.5 -1.00   .63
11.5 10.5 -1.00   .54
12.5 10.5 -1.00   .48
13.5 10.5 -1.00   .43
14.5 10.5 -1.00   .46
15.5 10.5 -1.00   .51
16.5 10.5 -1.00   .72
17.5 10.5 -1.00   .92
18.5 10.5 -1.00  1.08
19.5 10.5 -1.00  1.41
20.5 10.5 -1.00  1.87
21.5 10.5 -1.00  2.28
22.5 10.5 -1.00  2.48
23.5 10.5 -1.00  2.45
24.5 10.5 -1.00  2.21
25.5 10.5 -1.00  1.74
26.5 10.5 -1.00  1.12
27.5 10.5 -1.00   .80
28.5 10.5 -1.00   .83
29.5 10.5 -1.00   .81
30.5 10.5 -1.00   .90
31.5 10.5 -1.00  1.05
32.5 10.5 -1.00   .98
33.5 10.5 -1.00   .82
34.5 10.5 -1.00   .76
35.5 10.5 -1.00   .66
36.5 10.5 -1.00   .49
37.5 10.5 -1.00   .53
38.5 10.5 -1.00   .61
39.5 10.5 -1.00   .68
40.5 10.5 -1.00   .78
41.5 10.5 -1.00   .91
42.5 10.5 -1.00  1.15
43.5 10.5 -1.00  1.80
44.5 10.5 -1.00  4.48
45.5 10.5 -1.00  5.67
46.5 10.5 -1.00  6.62
47.5 10.5 -1.00  7.64
48.5 10.5 -1.00  8.52
49.5 10.5 -1.00  6.54
  .5 11.5 -1.00 17.60
 1.5 11.5 -1.00 15.12
 2.5 11.5 -1.00 13.61
 3.5 11.5 -1.00 11.51
 4.5 11.5 -1.00  6.65
 5.5 11.5 -1.00  4.95
 6.5 11.5 -1.00  3.62
 7.5 11.5 -1.00  2.24
 8.5 11.5 -1.00  1.16
 9.5 11.5 -1.00   .73
10.5 11.5 -1.00   .60
11.5 11.5 -1.00   .51
12.5 11.5 -1.00   .49
13.5 11.5 -1.00   .50
14.5 11.5 -1.00   .65
15.5 11.5 -1.00   .84
16.5 11.5 -1.00  1.12
17.5 11.5 -1.00  1.30
18.5 11.5 -1.00  1.43
19.5 11.5 -1.00  1.61
20.5 11.5 -1.00  1.91
21.5 11.5 -1.00  2.17
22.5 11.5 -1.00  2.15
23.5 11.5 -1.00  2.05
24.5 11.5 -1.00  1.80
25.5 11.5 -1.00  1.35
26.5 11.5 -1.00   .73
27.5 11.5 -1.00   .53
28.5 11.5   .28   .62
29.5 11.5 -1.00   .57
30.5 11.5 -1.00   .62
31.5 11.5 -1.00   .83
32.5 11.5 -1.00   .87
33.5 11.5 -1.00   .75
34.5 11.5 -1.00   .75
35.5 11.5 -1.00   .70
36.5 11.5 -1.00   .54
37.5 11.5 -1.00   .54
38.5 11.5 -1.00   .59
39.5 11.5 -1.00   .62
40.5 11.5 -1.00   .70
41.5 11.5 -1.00   .83
42.5 11.5 -1.00  1.02
43.5 11.5 -1.00  1.77
44.5 11.5 -1.00  4.65
45.5 11.5 -1.00  5.71
46.5 11.5 -1.00  6.67
47.5 11.5 -1.00  7.63
48.5 11.5 -1.00  8.41
49.5 11.5 -1.00  6.13
  .5 12.5 -1.00 16.76
 1.5 12.5 -1.00 13.96
 2.5 12.5 -1.00 12.55
 3.5 12.5 -1.00 10.73
 4.5 12.5 -1.00  5.56
 5.5 12.5 -1.00  4.29
 6.5 12.5 -1.00  3.35
 7.5 12.5   .71  2.07
 8.5 12.5 -1.00  1.01
 9.5 12.5 -1.00   .62
10.5 12.5 -1.00   .50
11.5 12.5 -1.00   .44
12.5 12.5 -1.00   .52
13.5 12.5 -1.00   .61
14.5 12.5 -1.00   .96
15.5 12.5 -1.00  1.40
16.5 12.5 -1.00  1.82
17.5 12.5 -1.00  1.92
18.5 12.5 -1.00  1.94
19.5 12.5 -1.00  1.93
20.5 12.5 -1.00  1.77
21.5 12.5 -1.00  1.64
22.5 12.5 -1.00  1.56
23.5 12.5 -1.00  1.50
24.5 12.5 -1.00  1.20
25.5 12.5 -1.00   .91
26.5 12.5 -1.00   .56
27.5 12.5 -1.00   .41
28.5 12.5 -1.00   .36
29.5 12.5 -1.00   .37
30.5 12.5 -1.00   .41
31.5 12.5 -1.00   .61
32.5 12.5 -1.00   .79
33.5 12.5 -1.00   .81
34.5 12.5 -1.00   .79
35.5 12.5 -1.00   .78
36.5 12.5 -1.00   .62
37.5 12.5 -1.00   .51
38.5 12.5 -1.00   .52
39.5 12.5 -1.00   .57
40.5 12.5 -1.00   .62
41.5 12.5 -1.00   .77
42.5 12.5 -1.00  1.00
43.5 12.5 -1.00  1.82
44.5 12.5 -1.00  4.69
45.5 12.5 -1.00  5.72
46.5 12.5 -1.00  6.73
47.5 12.5 -1.00  7.66
48.5 12.5 -1.00  8.38
49.5 12.5 -1.00  6.12
  .5 13.5 -1.00 15.66
 1.5 13.5 -1.00 13.08
 2.5 13.5 -1.00 11.72
 3.5 13.5 -1.00 10.25
 4.5 13.5 -1.00  4.92
 5.5 13.5 -1.00  3.68
 6.5 13.5 -1.00  2.73
 7.5 13.5 -1.00  1.58
 8.5 13.5 -1.00   .73
 9.5 13.5 -1.00   .51
10.5 13.5 -1.00   .47
11.5 13.5 -1.00   .44
12.5 13.5 -1.00   .69
13.5 13.5 -1.00   .90
14.5 13.5 -1.00  1.64
15.5 13.5 -1.00  2.26
16.5 13.5 -1.00  2.74
17.5 13.5 -1.00  2.62
18.5 13.5 -1.00  2.48
19.5 13.5 -1.00  2.04
20.5 13.5 -1.00  1.56
21.5 13.5 -1.00  1.32
22.5 13.5 -1.00  1.22
23.5 13.5 -1.00  1.11
24.5 13.5 -1.00   .84
25.5 13.5 -1.00   .69
26.5 13.5 -1.00   .40
27.5 13.5 -1.00   .31
28.5 13.5 -1.00   .29
29.5 13.5 -1.00   .33
30.5 13.5 -1.00   .37
31.5 13.5 -1.00   .50
32.5 13.5 -1.00   .67
33.5 13.5 -1.00   .71
34.5 13.5 -1.00   .67
35.5 13.5 -1.00   .62
36.5 13.5 -1.00   .50
37.5 13.5 -1.00   .38
38.5 13.5 -1.00   .40
39.5 13.5 -1.00   .47
40.5 13.5 -1.00   .53
41.5 13.5 -1.00   .63
42.5 13.5 -1.00   .78
43.5 13.5 -1.00  1.62
44.5 13.5 -1.00  2.84
45.5 13.5 -1.00  3.62
46.5 13.5  1.66  4.68
47.5 13.5 -1.00  5.49
48.5 13.5 -1.00  5.67
49.5 13.5 -1.00  5.28
  .5 14.5 -1.00  6.65
 1.5 14.5 -1.00  5.92
 2.5 14.5 -1.00  5.67
 3.5 14.5  3.61  5.03
 4.5 14.5 -1.00  3.07
 5.5 14.5 -1.00  2.56
 6.5 14.5 -1.00  1.92
 7.5 14.5 -1.00  1.05
 8.5 14.5 -1.00   .45
 9.5 14.5 -1.00   .41
10.5 14.5 -1.00   .38
11.5 14.5 -1.00   .37
12.5 14.5 -1.00   .69
13.5 14.5 -1.00  1.08
14.5 14.5 -1.00  2.05
15.5 14.5 -1.00  2.88
16.5 14.5 -1.00  3.35
17.5 14.5 -1.00  3.17
18.5 14.5 -1.00  2.81
19.5 14.5 -1.00  2.04
20.5 14.5 -1.00  1.26
21.5 14.5 -1.00   .77
22.5 14.5 -1.00   .65
23.5 14.5 -1.00   .55
24.5 14.5 -1.00   .37
25.5 14.5 -1.00   .32
26.5 14.5 -1.00   .29
27.5 14.5 -1.00   .24
28.5 14.5 -1.00   .26
29.5 14.5 -1.00   .28
30.5 14.5 -1.00   .32
31.5 14.5 -1.00   .38
32.5 14.5 -1.00   .54
33.5 14.5 -1.00   .57
34.5 14.5 -1.00   .52
35.5 14.5 -1.00   .47
36.5 14.5 -1.00   .39
37.5 14.5 -1.00   .25
38.5 14.5 -1.00   .23
39.5 14.5 -1.00   .29
40.5 14.5 -1.00   .34
41.5 14.5 -1.00   .44
42.5 14.5 -1.00   .58
43.5 14.5 -1.00  1.33
44.5 14.5 -1.00  1.97
45.5 14.5 -1.00  2.30
46.5 14.5 -1.00  2.95
47.5 14.5 -1.00  3.93
48.5 14.5 -1.00  3.90
49.5 14.5 -1.00  3.94
  .5 15.5 -1.00  5.11
 1.5 15.5 -1.00  4.32
 2.5 15.5 -1.00  4.07
 3.5 15.5 -1.00  3.67
 4.5 15.5 -1.00  2.10
 5.5 15.5 -1.00  1.70
 6.5 15.5 -1.00  1.40
 7.5 15.5 -1.00   .87
 8.5 15.5 -1.00   .49
 9.5 15.5 -1.00   .43
10.5 15.5 -1.00   .41
11.5 15.5 -1.00   .42
12.5 15.5 -1.00   .76
13.5 15.5 -1.00  1.19
14.5 15.5 -1.00  2.29
15.5 15.5 -1.00  3.23
16.5 15.5 -1.00  3.60
17.5 15.5 -1.00  3.32
18.5 15.5  4.92  2.86
19.5 15.5 -1.00  1.75
20.5 15.5 -1.00   .82
21.5 15.5 -1.00   .40
22.5 15.5 -1.00   .31
23.5 15.5 -1.00   .25
24.5 15.5 -1.00   .23
25.5 15.5 -1.00   .20
26.5 15.5 -1.00   .19
27.5 15.5 -1.00   .17
28.5 15.5 -1.00   .19
29.5 15.5 -1.00   .24
30.5 15.5 -1.00   .27
31.5 15.5 -1.00   .31
32.5 15.5 -1.00   .47
33.5 15.5 -1.00   .50
34.5 15.5 -1.00   .46
35.5 15.5 -1.00   .41
36.5 15.5 -1.00   .36
37.5 15.5 -1.00   .20
38.5 15.5 -1.00   .16
39.5 15.5 -1.00   .21
40.5 15.5 -1.00   .27
41.5 15.5 -1.00   .39
42.5 15.5 -1.00   .53
43.5 15.5 -1.00   .93
44.5 15.5 -1.00  1.39
45.5 15.5 -1.00  1.61
46.5 15.5 -1.00  2.21
47.5 15.5 -1.00  3.26
48.5 15.5 -1.00  3.52
49.5 15.5 -1.00  3.79
  .5 16.5 -1.00  2.81
 1.5 16.5 -1.00  2.46
 2.5 16.5 -1.00  2.41
 3.5 16.5 -1.00  2.17
 4.5 16.5 -1.00  1.37
 5.5 16.5 -1.00  1.19
 6.5 16.5 -1.00   .99
 7.5 16.5 -1.00   .61
 8.5 16.5 -1.00   .49
 9.5 16.5 -1.00   .40
10.5 16.5 -1.00   .38
11.5 16.5 -1.00   .38
12.5 16.5 -1.00   .77
13.5 16.5 -1.00  1.28
14.5 16.5 -1.00  2.44
15.5 16.5 -1.00  3.49
16.5 16.5 -1.00  3.88
17.5 16.5 -1.00  3.62
18.5 16.5 -1.00  3.07
19.5 16.5 -1.00  1.89
20.5 16.5 -1.00   .79
21.5 16.5 -1.00   .37
22.5 16.5 -1.00   .22
23.5 16.5 -1.00   .18
24.5 16.5 -1.00   .18
25.5 16.5 -1.00   .18
26.5 16.5 -1.00   .17
27.5 16.5 -1.00   .16
28.5 16.5 -1.00   .19
29.5 16.5 -1.00   .23
30.5 16.5 -1.00   .28
31.5 16.5 -1.00   .30
32.5 16.5 -1.00   .43
33.5 16.5 -1.00   .44
34.5 16.5 -1.00   .39
35.5 16.5 -1.00   .33
36.5 16.5 -1.00   .30
37.5 16.5 -1.00   .18
38.5 16.5 -1.00   .15
39.5 16.5 -1.00   .19
40.5 16.5 -1.00   .25
41.5 16.5 -1.00   .36
42.5 16.5 -1.00   .59
43.5 16.5 -1.00   .87
44.5 16.5 -1.00  1.17
45.5 16.5 -1.00  1.40
46.5 16.5 -1.00  1.95
47.5 16.5 -1.00  2.95
48.5 16.5 -1.00  3.30
49.5 16.5 -1.00  3.78
  .5 17.5 -1.00  2.32
 1.5 17.5 -1.00  2.12
 2.5 17.5 -1.00  2.05
 3.5 17.5 -1.00  1.92
 4.5 17.5 -1.00  1.57
 5.5 17.5 -1.00  1.19
 6.5 17.5 -1.00   .94
 7.5 17.5 -1.00   .65
 8.5 17.5 -1.00   .52
 9.5 17.5 -1.00   .38
10.5 17.5 -1.00   .33
11.5 17.5 -1.00   .34
12.5 17.5 -1.00   .66
13.5 17.5 -1.00  1.17
14.5 17.5 -1.00  2.22
15.5 17.5 -1.00  3.16
16.5 17.5 -1.00  3.49
17.5 17.5 -1.00  3.43
18.5 17.5 -1.00  2.89
19.5 17.5 -1.00  1.82
20.5 17.5 -1.00   .85
21.5 17.5 -1.00   .51
22.5 17.5 -1.00   .21
23.5 17.5 -1.00   .18
24.5 17.5 -1.00   .18
25.5 17.5 -1.00   .19
26.5 17.5 -1.00   .18
27.5 17.5 -1.00   .18
28.5 17.5 -1.00   .20
29.5 17.5 -1.00   .24
30.5 17.5 -1.00   .29
31.5 17.5 -1.00   .44
32.5 17.5 -1.00   .50
33.5 17.5 -1.00   .50
34.5 17.5 -1.00   .47
35.5 17.5 -1.00   .38
36.5 17.5 -1.00   .23
37.5 17.5 -1.00   .17
38.5 17.5 -1.00   .15
39.5 17.5 -1.00   .18
40.5 17.5 -1.00   .24
41.5 17.5 -1.00   .33
42.5 17.5 -1.00   .59
43.5 17.5 -1.00   .73
44.5 17.5 -1.00  1.04
45.5 17.5 -1.00  1.34
46.5 17.5 -1.00  1.83
47.5 17.5 -1.00  2.80
48.5 17.5 -1.00  3.27
49.5 17.5 -1.00  3.75
  .5 18.5 -1.00  1.92
 1.5 18.5 -1.00  1.99
 2.5 18.5 -1.00  1.89
 3.5 18.5 -1.00  1.89
 4.5 18.5 -1.00  1.66
 5.5 18.5 -1.00  1.28
 6.5 18.5 -1.00   .91
 7.5 18.5  1.01   .67
 8.5 18.5 -1.00   .50
 9.5 18.5 -1.00   .33
10.5 18.5 -1.00   .29
11.5 18.5 -1.00   .27
12.5 18.5 -1.00   .42
13.5 18.5 -1.00   .86
14.5 18.5 -1.00  1.52
15.5 18.5 -1.00  2.43
16.5 18.5 -1.00  2.76
17.5 18.5 -1.00  2.89
18.5 18.5 -1.00  2.45
19.5 18.5 -1.00  1.79
20.5 18.5 -1.00   .88
21.5 18.5 -1.00   .56
22.5 18.5 -1.00   .29
23.5 18.5 -1.00   .30
24.5 18.5 -1.00   .27
25.5 18.5 -1.00   .29
26.5 18.5 -1.00   .27
27.5 18.5 -1.00   .25
28.5 18.5 -1.00   .26
29.5 18.5 -1.00   .41
30.5 18.5 -1.00   .46
31.5 18.5 -1.00   .72
32.5 18.5 -1.00   .79
33.5 18.5 -1.00   .77
34.5 18.5 -1.00   .62
35.5 18.5 -1.00   .52
36.5 18.5 -1.00   .27
37.5 18.5 -1.00   .18
38.5 18.5 -1.00   .17
39.5 18.5 -1.00   .22
40.5 18.5 -1.00   .32
41.5 18.5 -1.00   .45
42.5 18.5 -1.00   .74
43.5 18.5 -1.00   .88
44.5 18.5 -1.00  1.16
45.5 18.5 -1.00  1.44
46.5 18.5 -1.00  1.87
47.5 18.5 -1.00  2.73
48.5 18.5 -1.00  3.19
49.5 18.5 -1.00  3.66
  .5 19.5 -1.00  1.70
 1.5 19.5 -1.00  2.03
 2.5 19.5 -1.00  1.89
 3.5 19.5 -1.00  1.94
 4.5 19.5 -1.00  1.88
 5.5 19.5 -1.00  1.48
 6.5 19.5 -1.00   .95
 7.5 19.5 -1.00   .73
 8.5 19.5 -1.00   .50
 9.5 19.5   .17   .30
10.5 19.5 -1.00   .25
11.5 19.5 -1.00   .20
12.5 19.5 -1.00   .31
13.5 19.5 -1.00   .60
14.5 19.5 -1.00  1.03
15.5 19.5 -1.00  1.75
16.5 19.5 -1.00  2.09
17.5 19.5 -1.00  2.31
18.5 19.5 -1.00  2.04
19.5 19.5 -1.00  1.64
20.5 19.5 -1.00   .96
21.5 19.5 -1.00   .67
22.5 19.5 -1.00   .37
23.5 19.5 -1.00   .41
24.5 19.5 -1.00   .41
25.5 19.5 -1.00   .40
26.5 19.5 -1.00   .37
27.5 19.5 -1.00   .39
28.5 19.5 -1.00   .41
29.5 19.5 -1.00   .57
30.5 19.5 -1.00   .74
31.5 19.5 -1.00  1.07
32.5 19.5 -1.00  1.11
33.5 19.5 -1.00  1.08
34.5 19.5 -1.00   .90
35.5 19.5 -1.00   .67
36.5 19.5 -1.00   .35
37.5 19.5 -1.00   .24
38.5 19.5 -1.00   .20
39.5 19.5 -1.00   .24
40.5 19.5 -1.00   .35
41.5 19.5 -1.00   .50
42.5 19.5 -1.00   .81
43.5 19.5 -1.00   .94
44.5 19.5 -1.00  1.22
45.5 19.5 -1.00  1.50
46.5 19.5 -1.00  1.84
47.5 19.5 -1.00  2.22
48.5 19.5 -1.00  2.55
49.5 19.5 -1.00  2.78
  .5 20.5 -1.00  1.69
 1.5 20.5 -1.00  2.05
 2.5 20.5 -1.00  1.92
 3.5 20.5 -1.00  2.00
 4.5 20.5 -1.00  1.91
 5.5 20.5 -1.00  1.51
 6.5 20.5 -1.00   .95
 7.5 20.5 -1.00   .69
 8.5 20.5 -1.00   .44
 9.5 20.5 -1.00   .25
10.5 20.5 -1.00   .18
11.5 20.5 -1.00   .12
12.5 20.5 -1.00   .21
13.5 20.5 -1.00   .46
14.5 20.5 -1.00   .73
15.5 20.5 -1.00  1.35
16.5 20.5 -1.00  1.61
17.5 20.5 -1.00  1.84
18.5 20.5 -1.00  1.64
19.5 20.5 -1.00  1.41
20.5 20.5 -1.00   .87
21.5 20.5 -1.00   .68
22.5 20.5 -1.00   .44
23.5 20.5 -1.00   .51
24.5 20.5 -1.00   .53
25.5 20.5 -1.00   .55
26.5 20.5 -1.00   .54
27.5 20.5 -1.00   .59
28.5 20.5 -1.00   .59
29.5 20.5 -1.00   .81
30.5 20.5 -1.00   .96
31.5 20.5 -1.00  1.27
32.5 20.5 -1.00  1.27
33.5 20.5 -1.00  1.21
34.5 20.5 -1.00   .95
35.5 20.5 -1.00   .68
36.5 20.5 -1.00   .36
37.5 20.5 -1.00   .25
38.5 20.5 -1.00   .22
39.5 20.5 -1.00   .28
40.5 20.5 -1.00   .44
41.5 20.5 -1.00   .62
42.5 20.5 -1.00   .97
43.5 20.5 -1.00  1.13
44.5 20.5 -1.00  1.45
45.5 20.5 -1.00  1.67
46.5 20.5 -1.00  1.79
47.5 20.5 -1.00  1.76
48.5 20.5 -1.00  1.94
49.5 20.5 -1.00  1.88
  .5 21.5 -1.00  1.71
 1.5 21.5 -1.00  2.11
 2.5 21.5 -1.00  1.98
 3.5 21.5 -1.00  2.05
 4.5 21.5 -1.00  1.89
 5.5 21.5 -1.00  1.49
 6.5 21.5 -1.00   .88
 7.5 21.5 -1.00   .62
 8.5 21.5 -1.00   .37
 9.5 21.5 -1.00   .22
10.5 21.5 -1.00   .15
11.5 21.5 -1.00   .11
12.5 21.5 -1.00   .15
13.5 21.5 -1.00   .33
14.5 21.5   .33   .48
15.5 21.5 -1.00   .86
16.5 21.5 -1.00  1.06
17.5 21.5 -1.00  1.31
18.5 21.5 -1.00  1.21
19.5 21.5 -1.00  1.16
20.5 21.5 -1.00   .92
21.5 21.5 -1.00   .81
22.5 21.5 -1.00   .62
23.5 21.5 -1.00   .74
24.5 21.5 -1.00   .72
25.5 21.5 -1.00   .71
26.5 21.5 -1.00   .83
27.5 21.5 -1.00   .96
28.5 21.5 -1.00   .95
29.5 21.5 -1.00  1.17
30.5 21.5 -1.00  1.29
31.5 21.5 -1.00  1.47
32.5 21.5 -1.00  1.36
33.5 21.5 -1.00  1.25
34.5 21.5 -1.00   .96
35.5 21.5 -1.00   .70
36.5 21.5 -1.00   .36
37.5 21.5 -1.00   .24
38.5 21.5 -1.00   .22
39.5 21.5 -1.00   .30
40.5 21.5 -1.00   .48
41.5 21.5 -1.00   .70
42.5 21.5 -1.00   .95
43.5 21.5 -1.00  1.09
44.5 21.5 -1.00  1.33
45.5 21.5 -1.00  1.53
46.5 21.5 -1.00  1.51
47.5 21.5 -1.00  1.54
48.5 21.5 -1.00  1.68
49.5 21.5 -1.00  1.64
  .5 22.5 -1.00   .81
 1.5 22.5 -1.00  1.31
 2.5 22.5 -1.00  1.29
 3.5 22.5 -1.00  1.42
 4.5 22.5 -1.00  1.37
 5.5 22.5  2.34  1.25
 6.5 22.5 -1.00   .73
 7.5 22.5 -1.00   .51
 8.5 22.5 -1.00   .29
 9.5 22.5 -1.00   .21
10.5 22.5 -1.00   .19
11.5 22.5 -1.00   .18
12.5 22.5 -1.00   .22
13.5 22.5 -1.00   .33
14.5 22.5 -1.00   .41
15.5 22.5 -1.00   .66
16.5 22.5 -1.00   .78
17.5 22.5 -1.00   .92
18.5 22.5 -1.00   .88
19.5 22.5 -1.00   .96
20.5 22.5 -1.00   .86
21.5 22.5 -1.00   .83
22.5 22.5 -1.00   .80
23.5 22.5 -1.00  1.06
24.5 22.5 -1.00   .99
25.5 22.5 -1.00  1.00
26.5 22.5 -1.00  1.12
27.5 22.5 -1.00  1.25
28.5 22.5 -1.00  1.09
29.5 22.5 -1.00  1.30
30.5 22.5 -1.00  1.37
31.5 22.5 -1.00  1.38
32.5 22.5 -1.00  1.19
33.5 22.5 -1.00  1.06
34.5 22.5 -1.00   .77
35.5 22.5 -1.00   .53
36.5 22.5 -1.00   .30
37.5 22.5 -1.00   .22
38.5 22.5 -1.00   .20
39.5 22.5 -1.00   .29
40.5 22.5 -1.00   .46
41.5 22.5 -1.00   .69
42.5 22.5 -1.00   .93
43.5 22.5 -1.00  1.06
44.5 22.5 -1.00  1.18
45.5 22.5 -1.00  1.29
46.5 22.5 -1.00  1.28
47.5 22.5 -1.00  1.41
48.5 22.5 -1.00  1.53
49.5 22.5 -1.00  1.62
  .5 23.5 -1.00   .59
 1.5 23.5 -1.00   .90
 2.5 23.5 -1.00   .88
 3.5 23.5 -1.00   .99
 4.5 23.5 -1.00   .96
 5.5 23.5 -1.00   .86
 6.5 23.5 -1.00   .53
 7.5 23.5 -1.00   .41
 8.5 23.5 -1.00   .27
 9.5 23.5 -1.00   .27
10.5 23.5 -1.00   .31
11.5 23.5 -1.00   .35
12.5 23.5 -1.00   .38
13.5 23.5 -1.00   .45
14.5 23.5 -1.00   .50
15.5 23.5 -1.00   .57
16.5 23.5 -1.00   .61
17.5 23.5 -1.00   .76
18.5 23.5 -1.00   .78
19.5 23.5 -1.00   .83
20.5 23.5 -1.00   .91
21.5 23.5 -1.00   .99
22.5 23.5 -1.00   .96
23.5 23.5 -1.00  1.19
24.5 23.5 -1.00  1.27
25.5 23.5 -1.00  1.28
26.5 23.5 -1.00  1.40
27.5 23.5 -1.00  1.51
28.5 23.5 -1.00  1.34
29.5 23.5 -1.00  1.27
30.5 23.5 -1.00  1.25
31.5 23.5 -1.00  1.15
32.5 23.5 -1.00   .92
33.5 23.5 -1.00   .84
34.5 23.5 -1.00   .68
35.5 23.5 -1.00   .47
36.5 23.5 -1.00   .30
37.5 23.5 -1.00   .25
38.5 23.5 -1.00   .21
39.5 23.5 -1.00   .27
40.5 23.5 -1.00   .45
41.5 23.5 -1.00   .63
42.5 23.5 -1.00   .82
43.5 23.5 -1.00   .90
44.5 23.5 -1.00   .96
45.5 23.5 -1.00   .98
46.5 23.5 -1.00   .99
47.5 23.5 -1.00  1.16
48.5 23.5 -1.00  1.27
49.5 23.5 -1.00  1.41
  .5 24.5 -1.00   .38
 1.5 24.5 -1.00   .50
 2.5 24.5 -1.00   .50
 3.5 24.5 -1.00   .56
 4.5 24.5 -1.00   .52
 5.5 24.5 -1.00   .50
 6.5 24.5 -1.00   .39
 7.5 24.5 -1.00   .41
 8.5 24.5 -1.00   .41
 9.5 24.5 -1.00   .50
10.5 24.5 -1.00   .58
11.5 24.5 -1.00   .64
12.5 24.5 -1.00   .60
13.5 24.5   .84   .60
14.5 24.5 -1.00   .61
15.5 24.5 -1.00   .62
16.5 24.5 -1.00   .62
17.5 24.5 -1.00   .72
18.5 24.5 -1.00   .75
19.5 24.5 -1.00   .84
20.5 24.5 -1.00   .98
21.5 24.5 -1.00  1.09
22.5 24.5 -1.00  1.40
23.5 24.5 -1.00  1.66
24.5 24.5 -1.00  1.72
25.5 24.5 -1.00  1.75
26.5 24.5 -1.00  1.84
27.5 24.5 -1.00  1.60
28.5 24.5 -1.00  1.34
29.5 24.5 -1.00  1.20
30.5 24.5 -1.00  1.00
31.5 24.5 -1.00   .86
32.5 24.5 -1.00   .69
33.5 24.5 -1.00   .64
34.5 24.5 -1.00   .54
35.5 24.5 -1.00   .48
36.5 24.5 -1.00   .35
37.5 24.5 -1.00   .33
38.5 24.5 -1.00   .31
39.5 24.5 -1.00   .36
40.5 24.5 -1.00   .56
41.5 24.5 -1.00   .73
42.5 24.5 -1.00   .92
43.5 24.5 -1.00   .97
44.5 24.5 -1.00  1.01
45.5 24.5 -1.00   .93
46.5 24.5 -1.00   .95
47.5 24.5 -1.00  1.05
48.5 24.5 -1.00  1.16
49.5 24.5 -1.00  1.27
  .5 25.5 -1.00   .31
 1.5 25.5 -1.00   .35
 2.5 25.5 -1.00   .33
 3.5 25.5 -1.00   .33
 4.5 25.5 -1.00   .33
 5.5 25.5 -1.00   .34
 6.5 25.5   .11   .36
 7.5 25.5 -1.00   .53
 8.5 25.5 -1.00   .82
 9.5 25.5 -1.00  1.12
10.5 25.5 -1.00  1.23
11.5 25.5 -1.00  1.24
12.5 25.5 -1.00  1.12
13.5 25.5 -1.00   .91
14.5 25.5 -1.00   .70
15.5 25.5 -1.00   .64
16.5 25.5 -1.00   .64
17.5 25.5 -1.00   .72
18.5 25.5 -1.00   .75
19.5 25.5 -1.00   .91
20.5 25.5 -1.00  1.14
21.5 25.5 -1.00  1.29
22.5 25.5 -1.00  1.65
23.5 25.5 -1.00  1.95
24.5 25.5 -1.00  2.01
25.5 25.5 -1.00  2.10
26.5 25.5 -1.00  2.13
27.5 25.5 -1.00  1.81
28.5 25.5 -1.00  1.50
29.5 25.5 -1.00  1.20
30.5 25.5 -1.00   .87
31.5 25.5 -1.00   .77
32.5 25.5 -1.00   .70
33.5 25.5 -1.00   .73
34.5 25.5 -1.00   .85
35.5 25.5 -1.00   .82
36.5 25.5 -1.00   .81
37.5 25.5 -1.00   .78
38.5 25.5 -1.00   .82
39.5 25.5 -1.00   .74
40.5 25.5 -1.00   .99
41.5 25.5 -1.00   .98
42.5 25.5 -1.00  1.08
43.5 25.5 -1.00  1.07
44.5 25.5 -1.00  1.06
45.5 25.5 -1.00   .89
46.5 25.5 -1.00   .92
47.5 25.5 -1.00  1.04
48.5 25.5   .94  1.06
49.5 25.5 -1.00  1.22
  .5 26.5 -1.00   .20
 1.5 26.5 -1.00   .20
 2.5 26.5 -1.00   .20
 3.5 26.5 -1.00   .23
 4.5 26.5 -1.00   .27
 5.5 26.5 -1.00   .35
 6.5 26.5 -1.00   .65
 7.5 26.5 -1.00  1.22
 8.5 26.5 -1.00  1.65
 9.5 26.5 -1.00  2.02
10.5 26.5 -1.00  2.27
11.5 26.5 -1.00  2.08
12.5 26.5 -1.00  1.57
13.5 26.5 -1.00  1.17
14.5 26.5 -1.00   .84
15.5 26.5 -1.00   .57
16.5 26.5 -1.00   .54
17.5 26.5 -1.00   .60
18.5 26.5 -1.00   .65
19.5 26.5 -1.00   .84
20.5 26.5 -1.00  1.17
21.5 26.5 -1.00  1.45
22.5 26.5 -1.00  1.89
23.5 26.5 -1.00  2.16
24.5 26.5 -1.00  2.24
25.5 26.5 -1.00  2.33
26.5 26.5 -1.00  2.11
27.5 26.5 -1.00  1.70
28.5 26.5 -1.00  1.41
29.5 26.5 -1.00  1.08
30.5 26.5 -1.00   .67
31.5 26.5 -1.00   .74
32.5 26.5 -1.00   .85
33.5 26.5 -1.00  1.15
34.5 26.5 -1.00  1.44
35.5 26.5 -1.00  1.46
36.5 26.5 -1.00  1.56
37.5 26.5 -1.00  1.58
38.5 26.5 -1.00  1.47
39.5 26.5 -1.00  1.53
40.5 26.5 -1.00  1.87
41.5 26.5 -1.00  1.80
42.5 26.5 -1.00  1.72
43.5 26.5 -1.00  1.63
44.5 26.5 -1.00  1.32
45.5 26.5 -1.00   .94
46.5 26.5 -1.00   .88
47.5 26.5 -1.00   .89
48.5 26.5 -1.00   .86
49.5 26.5 -1.00   .95
  .5 27.5 -1.00   .20
 1.5 27.5 -1.00   .19
 2.5 27.5 -1.00   .21
 3.5 27.5 -1.00   .25
 4.5 27.5 -1.00   .32
 5.5 27.5 -1.00   .45
 6.5 27.5 -1.00  1.01
 7.5 27.5 -1.00  2.17
 8.5 27.5 -1.00  3.03
 9.5 27.5 -1.00  3.66
10.5 27.5 -1.00  4.35
11.5 27.5 -1.00  3.96
12.5 27.5 -1.00  2.88
13.5 27.5 -1.00  2.04
14.5 27.5 -1.00  1.43
15.5 27.5 -1.00   .66
16.5 27.5 -1.00   .56
17.5 27.5 -1.00   .56
18.5 27.5 -1.00   .60
19.5 27.5 -1.00   .75
20.5 27.5 -1.00  1.16
21.5 27.5 -1.00  1.49
22.5 27.5 -1.00  2.00
23.5 27.5 -1.00  2.64
24.5 27.5 -1.00  2.83
25.5 27.5 -1.00  2.90
26.5 27.5 -1.00  2.62
27.5 27.5 -1.00  2.16
28.5 27.5 -1.00  1.53
29.5 27.5 -1.00  1.15
30.5 27.5 -1.00   .72
31.5 27.5 -1.00   .88
32.5 27.5 -1.00  1.22
33.5 27.5 -1.00  2.52
34.5 27.5 -1.00  4.71
35.5 27.5 -1.00  4.95
36.5 27.5 -1.00  5.13
37.5 27.5 -1.00  4.98
38.5 27.5 -1.00  3.95
39.5 27.5 -1.00  2.16
40.5 27.5 -1.00  2.33
41.5 27.5 -1.00  2.23
42.5 27.5 -1.00  2.13
43.5 27.5 -1.00  1.97
44.5 27.5 -1.00  1.60
45.5 27.5 -1.00  1.12
46.5 27.5 -1.00   .83
47.5 27.5 -1.00   .69
48.5 27.5 -1.00   .54
49.5 27.5 -1.00   .53
  .5 28.5 -1.00   .23
 1.5 28.5 -1.00   .24
 2.5 28.5 -1.00   .30
 3.5 28.5 -1.00   .40
 4.5 28.5 -1.00   .52
 5.5 28.5 -1.00   .70
 6.5 28.5 -1.00  1.31
 7.5 28.5 -1.00  2.60
 8.5 28.5 -1.00  3.64
 9.5 28.5 -1.00  4.40
10.5 28.5 -1.00  5.21
11.5 28.5 -1.00  4.97
12.5 28.5 -1.00  3.79
13.5 28.5 -1.00  2.72
14.5 28.5 -1.00  1.90
15.5 28.5 -1.00   .96
16.5 28.5 -1.00   .64
17.5 28.5 -1.00   .53
18.5 28.5 -1.00   .57
19.5 28.5 -1.00   .75
20.5 28.5 -1.00  1.17
21.5 28.5 -1.00  1.51
22.5 28.5 -1.00  2.12
23.5 28.5 -1.00  2.91
24.5 28.5 -1.00  3.04
25.5 28.5 -1.00  3.05
26.5 28.5 -1.00  2.76
27.5 28.5 -1.00  2.23
28.5 28.5 -1.00  1.50
29.5 28.5 -1.00  1.31
30.5 28.5 -1.00   .98
31.5 28.5 -1.00  1.20
32.5 28.5 -1.00  1.78
33.5 28.5 -1.00  3.75
34.5 28.5 -1.00  6.47
35.5 28.5 -1.00  7.09
36.5 28.5 -1.00  7.50
37.5 28.5 -1.00  7.18
38.5 28.5   .57  5.55
39.5 28.5 -1.00  3.13
40.5 28.5 -1.00  3.06
41.5 28.5 -1.00  2.87
42.5 28.5 -1.00  2.75
43.5 28.5 -1.00  2.46
44.5 28.5 -1.00  2.15
45.5 28.5 -1.00  1.57
46.5 28.5 -1.00  1.14
47.5 28.5 -1.00   .95
48.5 28.5 -1.00   .87
49.5 28.5 -1.00   .80
  .5 29.5 -1.00   .27
 1.5 29.5 -1.00   .31
 2.5 29.5 -1.00   .46
 3.5 29.5 -1.00   .65
 4.5 29.5 -1.00   .78
 5.5 29.5 -1.00  1.03
 6.5 29.5 -1.00  2.10
 7.5 29.5 -1.00  3.37
 8.5 29.5 -1.00  4.38
 9.5 29.5  8.03  5.21
10.5 29.5 -1.00  6.19
11.5 29.5 -1.00  5.59
12.5 29.5 -1.00  4.57
13.5 29.5 -1.00  3.45
14.5 29.5 -1.00  2.52
15.5 29.5 -1.00  1.35
16.5 29.5 -1.00   .91
17.5 29.5 -1.00   .57
18.5 29.5 -1.00   .70
19.5 29.5 -1.00   .88
20.5 29.5 -1.00  1.23
21.5 29.5 -1.00  1.57
22.5 29.5 -1.00  1.93
23.5 29.5 -1.00  2.78
24.5 29.5 -1.00  3.14
25.5 29.5 -1.00  3.19
26.5 29.5 -1.00  2.93
27.5 29.5 -1.00  2.65
28.5 29.5 -1.00  1.80
29.5 29.5 -1.00  1.45
30.5 29.5 -1.00  1.21
31.5 29.5 -1.00  1.49
32.5 29.5 -1.00  2.21
33.5 29.5 -1.00  4.28
34.5 29.5 -1.00  7.59
35.5 29.5 -1.00 10.61
36.5 29.5 -1.00 11.61
37.5 29.5 -1.00 11.20
38.5 29.5 -1.00  9.57
39.5 29.5 -1.00  6.61
40.5 29.5 -1.00  4.16
41.5 29.5 -1.00  3.43
42.5 29.5 -1.00  3.34
43.5 29.5 -1.00  2.96
44.5 29.5 -1.00  2.67
45.5 29.5 -1.00  2.07
46.5 29.5 -1.00  1.68
47.5 29.5 -1.00  1.45
48.5 29.5 -1.00  1.46
49.5 29.5 -1.00  1.35
  .5 30.5 -1.00   .29
 1.5 30.5 -1.00   .37
 2.5 30.5 -1.00   .53
 3.5 30.5 -1.00   .79
 4.5 30.5 -1.00  1.06
 5.5 30.5 -1.00  1.49
 6.5 30.5 -1.00  2.63
 7.5 30.5 -1.00  4.05
 8.5 30.5 -1.00  4.96
 9.5 30.5 -1.00  5.84
10.5 30.5 -1.00  7.11
11.5 30.5 -1.00  6.52
12.5 30.5 -1.00  5.50
13.5 30.5 -1.00  4.50
14.5 30.5 -1.00  3.41
15.5 30.5 -1.00  1.80
16.5 30.5 -1.00  1.26
17.5 30.5 -1.00   .82
18.5 30.5 -1.00   .89
19.5 30.5 -1.00  1.04
20.5 30.5 -1.00  1.37
21.5 30.5 -1.00  1.73
22.5 30.5  1.21  2.16
23.5 30.5 -1.00  3.33
24.5 30.5 -1.00  3.81
25.5 30.5 -1.00  3.79
26.5 30.5 -1.00  3.49
27.5 30.5 -1.00  3.08
28.5 30.5 -1.00  1.88
29.5 30.5 -1.00  1.44
30.5 30.5 -1.00  1.32
31.5 30.5 -1.00  1.67
32.5 30.5 -1.00  2.54
33.5 30.5 -1.00  4.77
34.5 30.5 -1.00  8.82
35.5 30.5 -1.00 12.09
36.5 30.5 -1.00 13.02
37.5 30.5 -1.00 12.43
38.5 30.5 -1.00 10.58
39.5 30.5 -1.00  7.09
40.5 30.5 -1.00  4.44
41.5 30.5 -1.00  3.74
42.5 30.5 -1.00  3.74
43.5 30.5 -1.00  3.46
44.5 30.5 -1.00  3.19
45.5 30.5 -1.00  3.23
46.5 30.5 -1.00  3.36
47.5 30.5 -1.00  3.24
48.5 30.5 -1.00  3.60
49.5 30.5 -1.00  3.79
  .5 31.5 -1.00   .37
 1.5 31.5 -1.00   .45
 2.5 31.5 -1.00   .61
 3.5 31.5 -1.00   .95
 4.5 31.5 -1.00  1.24
 5.5 31.5 -1.00  1.68
 6.5 31.5 -1.00  2.69
 7.5 31.5 -1.00  4.04
 8.5 31.5 -1.00  5.07
 9.5 31.5 -1.00  5.99
10.5 31.5 -1.00  7.31
11.5 31.5 -1.00  7.04
12.5 31.5 -1.00  7.33
13.5 31.5 -1.00  6.31
14.5 31.5 -1.00  5.30
15.5 31.5 -1.00  3.65
16.5 31.5 -1.00  2.91
17.5 31.5 -1.00  1.22
18.5 31.5 -1.00  1.17
19.5 31.5 -1.00  1.31
20.5 31.5 -1.00  1.87
21.5 31.5 -1.00  2.49
22.5 31.5 -1.00  3.16
23.5 31.5 -1.00  4.37
24.5 31.5 -1.00  4.89
25.5 31.5 -1.00  4.57
26.5 31.5 -1.00  4.10
27.5 31.5 -1.00  3.37
28.5 31.5 -1.00  2.10
29.5 31.5 -1.00  1.50
30.5 31.5 -1.00  1.43
31.5 31.5 -1.00  1.76
32.5 31.5 -1.00  2.69
33.5 31.5  1.98  4.96
34.5 31.5 -1.00  9.09
35.5 31.5 -1.00 12.78
36.5 31.5 -1.00 14.27
37.5 31.5 -1.00 13.60
38.5 31.5 -1.00 11.79
39.5 31.5 -1.00  8.02
40.5 31.5  2.51  4.96
41.5 31.5 -1.00  3.61
42.5 31.5 -1.00  3.74
43.5 31.5 -1.00  3.67
44.5 31.5 -1.00  3.72
45.5 31.5 -1.00  4.25
46.5 31.5 -1.00  4.50
47.5 31.5 -1.00  4.50
48.5 31.5 -1.00  4.80
49.5 31.5 -1.00  5.15
  .5 32.5 -1.00   .63
 1.5 32.5 -1.00   .67
 2.5 32.5 -1.00   .80
 3.5 32.5 -1.00  1.07
 4.5 32.5 -1.00  1.31
 5.5 32.5 -1.00  1.71
 6.5 32.5 -1.00  2.48
 7.5 32.5 -1.00  3.39
 8.5 32.5 -1.00  4.03
 9.5 32.5 -1.00  4.87
10.5 32.5 -1.00  5.87
11.5 32.5 -1.00  5.99
12.5 32.5 -1.00  6.80
13.5 32.5 -1.00  6.34
14.5 32.5 -1.00  5.53
15.5 32.5 -1.00  4.22
16.5 32.5 -1.00  3.39
17.5 32.5 -1.00  1.70
18.5 32.5 -1.00  1.48
19.5 32.5 -1.00  1.58
20.5 32.5 -1.00  2.38
21.5 32.5 -1.00  2.99
22.5 32.5 -1.00  4.27
23.5 32.5 -1.00  5.56
24.5 32.5 -1.00  6.20
25.5 32.5 -1.00  5.56
26.5 32.5 -1.00  5.03
27.5 32.5 -1.00  3.61
28.5 32.5 -1.00  2.25
29.5 32.5 -1.00  1.64
30.5 32.5 -1.00  1.65
31.5 32.5 -1.00  2.02
32.5 32.5 -1.00  2.83
33.5 32.5 -1.00  4.38
34.5 32.5 -1.00  6.76
35.5 32.5 -1.00 10.76
36.5 32.5  5.26 12.40
37.5 32.5 -1.00 12.03
38.5 32.5 -1.00 11.00
39.5 32.5 -1.00  9.32
40.5 32.5 -1.00  5.93
41.5 32.5 -1.00  4.25
42.5 32.5 -1.00  4.24
43.5 32.5 -1.00  4.05
44.5 32.5 -1.00  3.82
45.5 32.5 -1.00  4.46
46.5 32.5 -1.00  4.99
47.5 32.5 -1.00  4.96
48.5 32.5 -1.00  5.42
49.5 32.5 -1.00  5.62
  .5 33.5 -1.00  1.02
 1.5 33.5 -1.00   .99
 2.5 33.5 -1.00  1.01
 3.5 33.5 -1.00  1.09
 4.5 33.5 -1.00  1.26
 5.5 33.5 -1.00  1.54
 6.5 33.5 -1.00  2.22
 7.5 33.5 -1.00  3.01
 8.5 33.5 -1.00  3.51
 9.5 33.5 -1.00  4.64
10.5 33.5 -1.00  5.64
11.5 33.5 -1.00  5.75
12.5 33.5 -1.00  6.92
13.5 33.5 -1.00  6.74
14.5 33.5 -1.00  5.88
15.5 33.5 -1.00  4.88
16.5 33.5 -1.00  4.16
17.5 33.5 -1.00  2.31
18.5 33.5 -1.00  2.01
19.5 33.5 -1.00  2.21
20.5 33.5 -1.00  2.87
21.5 33.5 -1.00  3.45
22.5 33.5 -1.00  4.94
23.5 33.5 -1.00  6.47
24.5 33.5 -1.00  7.20
25.5 33.5 -1.00  6.57
26.5 33.5 -1.00  6.13
27.5 33.5 -1.00  4.50
28.5 33.5 -1.00  2.87
29.5 33.5 -1.00  1.78
30.5 33.5 -1.00  1.68
31.5 33.5 -1.00  1.92
32.5 33.5 -1.00  2.53
33.5 33.5 -1.00  3.62
34.5 33.5 -1.00  5.51
35.5 33.5 -1.00  9.21
36.5 33.5 -1.00 10.72
37.5 33.5 -1.00 10.57
38.5 33.5 -1.00  9.94
39.5 33.5 -1.00  8.84
40.5 33.5 -1.00  5.52
41.5 33.5 -1.00  3.80
42.5 33.5 -1.00  3.73
43.5 33.5 -1.00  3.65
44.5 33.5 -1.00  3.36
45.5 33.5 -1.00  4.19
46.5 33.5 -1.00  4.91
47.5 33.5 -1.00  4.98
48.5 33.5 -1.00  5.42
49.5 33.5 -1.00  5.74
  .5 34.5 -1.00  1.21
 1.5 34.5 -1.00  1.10
 2.5 34.5 -1.00  1.01
 3.5 34.5 -1.00   .95
 4.5 34.5 -1.00  1.03
 5.5 34.5 -1.00  1.22
 6.5 34.5 -1.00  1.41
 7.5 34.5 -1.00  2.16
 8.5 34.5 -1.00  2.64
 9.5 34.5 -1.00  3.70
10.5 34.5 -1.00  4.60
11.5 34.5 -1.00  5.16
12.5 34.5 -1.00  6.25
13.5 34.5 -1.00  6.23
14.5 34.5 -1.00  5.55
15.5 34.5 -1.00  4.83
16.5 34.5 -1.00  4.21
17.5 34.5  1.36  2.58
18.5 34.5 -1.00  2.16
19.5 34.5 -1.00  2.37
20.5 34.5 -1.00  3.03
21.5 34.5  2.84  3.66
22.5 34.5 -1.00  5.24
23.5 34.5 -1.00  6.67
24.5 34.5 -1.00  7.27
25.5 34.5 -1.00  6.63
26.5 34.5 -1.00  6.39
27.5 34.5 -1.00  4.73
28.5 34.5 -1.00  3.28
29.5 34.5 -1.00  2.22
30.5 34.5 -1.00  2.02
31.5 34.5 -1.00  1.96
32.5 34.5 -1.00  2.36
33.5 34.5 -1.00  3.49
34.5 34.5 -1.00  4.80
35.5 34.5 -1.00  6.04
36.5 34.5 -1.00  7.07
37.5 34.5 -1.00  7.04
38.5 34.5 -1.00  6.25
39.5 34.5 -1.00  5.61
40.5 34.5 -1.00  4.58
41.5 34.5 -1.00  3.32
42.5 34.5 -1.00  3.15
43.5 34.5 -1.00  3.18
44.5 34.5 -1.00  2.85
45.5 34.5 -1.00  3.79
46.5 34.5 -1.00  4.44
47.5 34.5 -1.00  4.67
48.5 34.5 -1.00  5.05
49.5 34.5 -1.00  5.51
  .5 35.5 -1.00  1.23
 1.5 35.5 -1.00  1.09
 2.5 35.5 -1.00   .98
 3.5 35.5 -1.00   .84
 4.5 35.5 -1.00   .74
 5.5 35.5 -1.00   .71
 6.5 35.5 -1.00   .77
 7.5 35.5 -1.00  1.32
 8.5 35.5 -1.00  1.76
 9.5 35.5 -1.00  2.57
10.5 35.5 -1.00  3.21
11.5 35.5 -1.00  3.86
12.5 35.5 -1.00  5.04
13.5 35.5 -1.00  5.17
14.5 35.5 -1.00  4.91
15.5 35.5 -1.00  4.86
16.5 35.5 -1.00  4.35
17.5 35.5 -1.00  2.83
18.5 35.5 -1.00  2.40
19.5 35.5 -1.00  2.60
20.5 35.5 -1.00  3.07
21.5 35.5 -1.00  3.68
22.5 35.5 -1.00  5.18
23.5 35.5 -1.00  6.39
24.5 35.5 -1.00  6.86
25.5 35.5 -1.00  6.22
26.5 35.5 -1.00  6.10
27.5 35.5 -1.00  4.66
28.5 35.5 -1.00  3.55
29.5 35.5 -1.00  2.64
30.5 35.5 -1.00  2.39
31.5 35.5 -1.00  2.19
32.5 35.5 -1.00  2.30
33.5 35.5 -1.00  3.09
34.5 35.5 -1.00  3.60
35.5 35.5 -1.00  4.60
36.5 35.5 -1.00  5.49
37.5 35.5 -1.00  5.67
38.5 35.5 -1.00  4.99
39.5 35.5 -1.00  4.88
40.5 35.5 -1.00  3.93
41.5 35.5 -1.00  2.71
42.5 35.5 -1.00  2.37
43.5 35.5 -1.00  2.33
44.5 35.5 -1.00  1.99
45.5 35.5 -1.00  2.44
46.5 35.5 -1.00  2.64
47.5 35.5 -1.00  2.87
48.5 35.5 -1.00  3.00
49.5 35.5 -1.00  3.21
  .5 36.5 -1.00  1.23
 1.5 36.5 -1.00  1.05
 2.5 36.5 -1.00   .92
 3.5 36.5 -1.00   .65
 4.5 36.5 -1.00   .50
 5.5 36.5 -1.00   .39
 6.5 36.5 -1.00   .39
 7.5 36.5 -1.00   .62
 8.5 36.5 -1.00   .83
 9.5 36.5 -1.00  1.56
10.5 36.5 -1.00  2.19
11.5 36.5 -1.00  2.85
12.5 36.5 -1.00  3.19
13.5 36.5 -1.00  3.51
14.5 36.5 -1.00  3.37
15.5 36.5 -1.00  3.75
16.5 36.5 -1.00  3.34
17.5 36.5 -1.00  3.00
18.5 36.5 -1.00  2.72
19.5 36.5 -1.00  2.89
20.5 36.5 -1.00  2.64
21.5 36.5 -1.00  2.85
22.5 36.5 -1.00  4.02
23.5 36.5 -1.00  5.27
24.5 36.5 -1.00  5.71
25.5 36.5 -1.00  5.59
26.5 36.5 -1.00  6.05
27.5 36.5 -1.00  5.05
28.5 36.5 -1.00  4.03
29.5 36.5 -1.00  3.26
30.5 36.5 -1.00  2.93
31.5 36.5 -1.00  2.49
32.5 36.5 -1.00  2.45
33.5 36.5 -1.00  2.82
34.5 36.5 -1.00  3.05
35.5 36.5 -1.00  3.52
36.5 36.5 -1.00  3.73
37.5 36.5 -1.00  3.86
38.5 36.5 -1.00  3.29
39.5 36.5 -1.00  3.23
40.5 36.5 -1.00  2.57
41.5 36.5 -1.00  1.95
42.5 36.5 -1.00  1.62
43.5 36.5 -1.00  1.45
44.5 36.5 -1.00  1.11
45.5 36.5 -1.00  1.25
46.5 36.5 -1.00  1.49
47.5 36.5 -1.00  1.65
48.5 36.5 -1.00  1.86
49.5 36.5 -1.00  1.94
  .5 37.5 -1.00   .99
 1.5 37.5 -1.00   .85
 2.5 37.5 -1.00   .73
 3.5 37.5 -1.00   .49
 4.5 37.5 -1.00   .35
 5.5 37.5 -1.00   .24
 6.5 37.5 -1.00   .22
 7.5 37.5 -1.00   .31
 8.5 37.5 -1.00   .48
 9.5 37.5 -1.00  1.04
10.5 37.5 -1.00  1.59
11.5 37.5 -1.00  2.13
12.5 37.5 -1.00  2.55
13.5 37.5 -1.00  2.74
14.5 37.5 -1.00  2.76
15.5 37.5 -1.00  3.35
16.5 37.5 -1.00  3.04
17.5 37.5 -1.00  2.79
18.5 37.5 -1.00  2.66
19.5 37.5 -1.00  2.80
20.5 37.5 -1.00  2.14
21.5 37.5 -1.00  2.28
22.5 37.5 -1.00  2.71
23.5 37.5 -1.00  3.49
24.5 37.5 -1.00  3.85
25.5 37.5 -1.00  4.40
26.5 37.5 -1.00  6.03
27.5 37.5 -1.00  6.00
28.5 37.5 -1.00  6.04
29.5 37.5 -1.00  5.33
30.5 37.5 -1.00  4.67
31.5 37.5 -1.00  3.08
32.5 37.5  3.21  2.75
33.5 37.5 -1.00  2.24
34.5 37.5 -1.00  2.27
35.5 37.5 -1.00  2.15
36.5 37.5 -1.00  2.14
37.5 37.5 -1.00  2.13
38.5 37.5  9.08  1.68
39.5 37.5 -1.00  1.35
40.5 37.5 -1.00  1.15
41.5 37.5 -1.00   .84
42.5 37.5 -1.00   .67
43.5 37.5 -1.00   .69
44.5 37.5 -1.00   .68
45.5 37.5 -1.00   .82
46.5 37.5 -1.00   .99
47.5 37.5 -1.00  1.16
48.5 37.5 -1.00  1.26
49.5 37.5 -1.00  1.53
  .5 38.5 -1.00   .88
 1.5 38.5 -1.00   .74
 2.5 38.5 -1.00   .63
 3.5 38.5 -1.00   .51
 4.5 38.5 -1.00   .36
 5.5 38.5 -1.00   .20
 6.5 38.5 -1.00   .19
 7.5 38.5 -1.00   .26
 8.5 38.5 -1.00   .37
 9.5 38.5 -1.00   .47
10.5 38.5 -1.00   .86
11.5 38.5 -1.00  1.25
12.5 38.5 -1.00  1.44
13.5 38.5 -1.00  1.67
14.5 38.5 -1.00  2.04
15.5 38.5 -1.00  2.59
16.5 38.5 -1.00  2.44
17.5 38.5 -1.00  2.41
18.5 38.5 -1.00  2.35
19.5 38.5 -1.00  2.30
20.5 38.5 -1.00  1.63
21.5 38.5 -1.00  1.74
22.5 38.5 -1.00  1.85
23.5 38.5 -1.00  2.34
24.5 38.5 -1.00  2.80
25.5 38.5 -1.00  3.48
26.5 38.5 -1.00  5.43
27.5 38.5 -1.00  5.97
28.5 38.5 -1.00  6.48
29.5 38.5 -1.00  6.14
30.5 38.5 -1.00  5.63
31.5 38.5 -1.00  3.81
32.5 38.5 -1.00  3.22
33.5 38.5 -1.00  2.23
34.5 38.5 -1.00  2.03
35.5 38.5 -1.00  1.67
36.5 38.5 -1.00  1.49
37.5 38.5 -1.00  1.37
38.5 38.5 -1.00  1.15
39.5 38.5 -1.00   .87
40.5 38.5 -1.00   .78
41.5 38.5 -1.00   .58
42.5 38.5 -1.00   .48
43.5 38.5 -1.00   .51
44.5 38.5 -1.00   .51
45.5 38.5 -1.00   .62
46.5 38.5 -1.00   .74
47.5 38.5 -1.00   .86
48.5 38.5 -1.00   .91
49.5 38.5 -1.00  1.12
  .5 39.5 -1.00   .92
 1.5 39.5 -1.00   .80
 2.5 39.5 -1.00   .71
 3.5 39.5 -1.00   .60
 4.5 39.5 -1.00   .43
 5.5 39.5 -1.00   .30
 6.5 39.5 -1.00   .27
 7.5 39.5 -1.00   .29
 8.5 39.5 -1.00   .36
 9.5 39.5 -1.00   .41
10.5 39.5 -1.00   .69
11.5 39.5 -1.00  1.02
12.5 39.5 -1.00  1.26
13.5 39.5 -1.00  1.53
14.5 39.5 -1.00  2.02
15.5 39.5 -1.00  2.60
16.5 39.5 -1.00  2.59
17.5 39.5 -1.00  2.56
18.5 39.5 -1.00  2.56
19.5 39.5 -1.00  2.32
20.5 39.5 -1.00  1.65
21.5 39.5 -1.00  1.58
22.5 39.5 -1.00  1.50
23.5 39.5 -1.00  1.88
24.5 39.5 -1.00  2.22
25.5 39.5 -1.00  2.99
26.5 39.5 -1.00  5.09
27.5 39.5 -1.00  7.30
28.5 39.5 -1.00  8.53
29.5 39.5 -1.00  8.61
30.5 39.5 -1.00  8.20
31.5 39.5 -1.00  6.27
32.5 39.5 -1.00  4.18
33.5 39.5 -1.00  2.31
34.5 39.5 -1.00  1.81
35.5 39.5 -1.00  1.29
36.5 39.5 -1.00  1.02
37.5 39.5 -1.00   .83
38.5 39.5 -1.00   .80
39.5 39.5 -1.00   .58
40.5 39.5 -1.00   .54
41.5 39.5 -1.00   .37
42.5 39.5 -1.00   .32
43.5 39.5 -1.00   .33
44.5 39.5 -1.00   .35
45.5 39.5 -1.00   .43
46.5 39.5 -1.00   .59
47.5 39.5 -1.00   .70
48.5 39.5 -1.00   .75
49.5 39.5 -1.00   .90
  .5 40.5 -1.00  1.54
 1.5 40.5 -1.00  1.33
 2.5 40.5 -1.00  1.17
 3.5 40.5 -1.00   .80
 4.5 40.5 -1.00   .56
 5.5 40.5 -1.00   .42
 6.5 40.5 -1.00   .33
 7.5 40.5 -1.00   .27
 8.5 40.5 -1.00   .28
 9.5 40.5 -1.00   .30
10.5 40.5 -1.00   .54
11.5 40.5 -1.00   .82
12.5 40.5 -1.00  1.15
13.5 40.5 -1.00  1.45
14.5 40.5 -1.00  2.00
15.5 40.5 -1.00  2.50
16.5 40.5 -1.00  2.71
17.5 40.5 -1.00  2.65
18.5 40.5 -1.00  2.65
19.5 40.5 -1.00  2.36
20.5 40.5 -1.00  1.76
21.5 40.5 -1.00  1.47
22.5 40.5 -1.00  1.31
23.5 40.5 -1.00  1.52
24.5 40.5 -1.00  1.78
25.5 40.5 -1.00  2.54
26.5 40.5 -1.00  4.81
27.5 40.5 -1.00  7.62
28.5 40.5 -1.00  9.16
29.5 40.5 -1.00  9.54
30.5 40.5 -1.00  9.31
31.5 40.5 -1.00  7.29
32.5 40.5 -1.00  4.65
33.5 40.5 -1.00  2.63
34.5 40.5 -1.00  1.79
35.5 40.5 -1.00  1.10
36.5 40.5 -1.00   .78
37.5 40.5 -1.00   .52
38.5 40.5 -1.00   .53
39.5 40.5 -1.00   .45
40.5 40.5 -1.00   .46
41.5 40.5 -1.00   .36
42.5 40.5 -1.00   .38
43.5 40.5 -1.00   .38
44.5 40.5 -1.00   .39
45.5 40.5 -1.00   .47
46.5 40.5 -1.00   .58
47.5 40.5 -1.00   .67
48.5 40.5 -1.00   .74
49.5 40.5 -1.00   .89
  .5 41.5 -1.00  1.98
 1.5 41.5 -1.00  1.70
 2.5 41.5 -1.00  1.50
 3.5 41.5 -1.00  1.03
 4.5 41.5 -1.00   .71
 5.5 41.5 -1.00   .54
 6.5 41.5 -1.00   .43
 7.5 41.5 -1.00   .36
 8.5 41.5 -1.00   .34
 9.5 41.5 -1.00   .32
10.5 41.5 -1.00   .36
11.5 41.5 -1.00   .48
12.5 41.5 -1.00   .73
13.5 41.5 -1.00  1.04
14.5 41.5 -1.00  1.56
15.5 41.5 -1.00  1.91
16.5 41.5 -1.00  2.50
17.5 41.5 -1.00  2.56
18.5 41.5 -1.00  2.53
19.5 41.5 -1.00  2.17
20.5 41.5 -1.00  1.93
21.5 41.5 -1.00  1.39
22.5 41.5 -1.00  1.18
23.5 41.5 -1.00  1.33
24.5 41.5 -1.00  1.63
25.5 41.5 -1.00  2.40
26.5 41.5 -1.00  4.60
27.5 41.5 -1.00  7.70
28.5 41.5 -1.00  9.38
29.5 41.5 -1.00 10.26
30.5 41.5 17.19 10.10
31.5 41.5 22.75  8.21
32.5 41.5 -1.00  5.25
33.5 41.5 -1.00  3.21
34.5 41.5 -1.00  1.88
35.5 41.5 -1.00  1.09
36.5 41.5 -1.00   .65
37.5 41.5 -1.00   .43
38.5 41.5 -1.00   .44
39.5 41.5 -1.00   .45
40.5 41.5 -1.00   .52
41.5 41.5 -1.00   .50
42.5 41.5 -1.00   .66
43.5 41.5 -1.00   .65
44.5 41.5 -1.00   .66
45.5 41.5 -1.00   .70
46.5 41.5 -1.00   .82
47.5 41.5 -1.00   .97
48.5 41.5 -1.00  1.10
49.5 41.5 -1.00  1.32
  .5 42.5 -1.00  2.32
 1.5 42.5 -1.00  2.05
 2.5 42.5 -1.00  1.88
 3.5 42.5 -1.00  1.33
 4.5 42.5 -1.00  1.01
 5.5 42.5 -1.00   .87
 6.5 42.5 -1.00   .70
 7.5 42.5 -1.00   .52
 8.5 42.5 -1.00   .45
 9.5 42.5 -1.00   .37
10.5 42.5 -1.00   .29
11.5 42.5 -1.00   .31
12.5 42.5 -1.00   .53
13.5 42.5 -1.00   .85
14.5 42.5 -1.00  1.35
15.5 42.5 -1.00  1.65
16.5 42.5 -1.00  2.36
17.5 42.5 -1.00  2.46
18.5 42.5 -1.00  2.49
19.5 42.5 -1.00  2.19
20.5 42.5 -1.00  2.05
21.5 42.5 -1.00  1.48
22.5 42.5 -1.00  1.29
23.5 42.5 -1.00  1.25
24.5 42.5 -1.00  1.47
25.5 42.5 -1.00  1.87
26.5 42.5 -1.00  3.15
27.5 42.5 -1.00  6.18
28.5 42.5 -1.00  7.66
29.5 42.5 -1.00  8.96
30.5 42.5 -1.00 10.26
31.5 42.5 -1.00  9.53
32.5 42.5 -1.00  6.65
33.5 42.5 -1.00  4.94
34.5 42.5 -1.00  3.28
35.5 42.5 -1.00  1.41
36.5 42.5 -1.00   .75
37.5 42.5 -1.00   .55
38.5 42.5 -1.00   .62
39.5 42.5 -1.00   .71
40.5 42.5 -1.00   .86
41.5 42.5 -1.00   .88
42.5 42.5 -1.00  1.05
43.5 42.5 -1.00  1.03
44.5 42.5 -1.00  1.04
45.5 42.5 -1.00  1.03
46.5 42.5 -1.00  1.20
47.5 42.5 -1.00  1.33
48.5 42.5 -1.00  1.47
49.5 42.5 -1.00  1.66
  .5 43.5 -1.00  2.39
 1.5 43.5 -1.00  2.22
 2.5 43.5 -1.00  2.09
 3.5 43.5 -1.00  1.47
 4.5 43.5 -1.00  1.15
 5.5 43.5 -1.00  1.09
 6.5 43.5 -1.00   .89
 7.5 43.5 -1.00   .63
 8.5 43.5 -1.00   .50
 9.5 43.5 -1.00   .40
10.5 43.5 -1.00   .31
11.5 43.5 -1.00   .26
12.5 43.5 -1.00   .49
13.5 43.5 -1.00   .75
14.5 43.5 -1.00  1.21
15.5 43.5 -1.00  1.46
16.5 43.5 -1.00  2.17
17.5 43.5 -1.00  2.31
18.5 43.5 -1.00  2.38
19.5 43.5 -1.00  2.22
20.5 43.5 -1.00  2.15
21.5 43.5 -1.00  1.57
22.5 43.5 -1.00  1.37
23.5 43.5 -1.00  1.22
24.5 43.5 -1.00  1.10
25.5 43.5 -1.00  1.44
26.5 43.5 -1.00  2.32
27.5 43.5 -1.00  5.15
28.5 43.5 -1.00  6.66
29.5 43.5 -1.00  8.19
30.5 43.5 -1.00  9.55
31.5 43.5 -1.00  9.28
32.5 43.5 -1.00  6.70
33.5 43.5 -1.00  5.11
34.5 43.5 -1.00  3.67
35.5 43.5 -1.00  1.90
36.5 43.5 -1.00  1.60
37.5 43.5 -1.00  1.46
38.5 43.5 -1.00  1.52
39.5 43.5 -1.00  1.45
40.5 43.5 -1.00  1.62
41.5 43.5 -1.00  1.26
42.5 43.5 -1.00  1.31
43.5 43.5 -1.00  1.44
44.5 43.5 -1.00  1.49
45.5 43.5 -1.00  1.56
46.5 43.5 -1.00  2.00
47.5 43.5 -1.00  2.17
48.5 43.5 -1.00  2.31
49.5 43.5 -1.00  2.63
  .5 44.5 -1.00  2.62
 1.5 44.5 -1.00  2.42
 2.5 44.5 -1.00  2.31
 3.5 44.5 -1.00  1.67
 4.5 44.5 -1.00  1.34
 5.5 44.5 -1.00  1.23
 6.5 44.5 -1.00  1.06
 7.5 44.5 -1.00   .75
 8.5 44.5 -1.00   .61
 9.5 44.5 -1.00   .52
10.5 44.5 -1.00   .36
11.5 44.5 -1.00   .25
12.5 44.5 -1.00   .41
13.5 44.5 -1.00   .60
14.5 44.5 -1.00   .90
15.5 44.5 -1.00  1.14
16.5 44.5 -1.00  1.74
17.5 44.5 -1.00  1.89
18.5 44.5 -1.00  1.92
19.5 44.5 -1.00  1.89
20.5 44.5 -1.00  1.83
21.5 44.5 -1.00  1.37
22.5 44.5 -1.00  1.24
23.5 44.5 -1.00  1.20
24.5 44.5 -1.00  1.07
25.5 44.5 -1.00  1.26
26.5 44.5 -1.00  2.00
27.5 44.5 -1.00  3.30
28.5 44.5 -1.00  5.18
29.5 44.5 -1.00  7.02
30.5 44.5 -1.00  8.91
31.5 44.5 -1.00  9.08
32.5 44.5 -1.00  8.10
33.5 44.5 -1.00  6.33
34.5 44.5 -1.00  4.83
35.5 44.5 -1.00  3.25
36.5 44.5 -1.00  2.80
37.5 44.5 -1.00  2.79
38.5 44.5 -1.00  2.69
39.5 44.5 -1.00  2.42
40.5 44.5 -1.00  2.11
41.5 44.5 -1.00  1.68
42.5 44.5 -1.00  1.56
43.5 44.5 -1.00  1.79
44.5 44.5 -1.00  1.95
45.5 44.5 -1.00  2.20
46.5 44.5 -1.00  2.62
47.5 44.5 -1.00  2.94
48.5 44.5 -1.00  3.11
49.5 44.5 -1.00  3.46
  .5 45.5 -1.00  2.27
 1.5 45.5 -1.00  2.27
 2.5 45.5 -1.00  2.20
 3.5 45.5 -1.00  1.83
 4.5 45.5 -1.00  1.63
 5.5 45.5 -1.00  1.45
 6.5 45.5 -1.00  1.26
 7.5 45.5 -1.00   .96
 8.5 45.5 -1.00   .80
 9.5 45.5 -1.00   .68
10.5 45.5 -1.00   .50
11.5 45.5 -1.00   .37
12.5 45.5 -1.00   .46
13.5 45.5 -1.00   .54
14.5 45.5 -1.00   .74
15.5 45.5 -1.00   .90
16.5 45.5 -1.00  1.26
17.5 45.5 -1.00  1.39
18.5 45.5 -1.00  1.47
19.5 45.5 -1.00  1.46
20.5 45.5 -1.00  1.41
21.5 45.5 -1.00  1.07
22.5 45.5 -1.00  1.00
23.5 45.5 -1.00   .98
24.5 45.5 -1.00   .92
25.5 45.5 -1.00  1.11
26.5 45.5 -1.00  1.75
27.5 45.5 -1.00  2.81
28.5 45.5 -1.00  4.76
29.5 45.5 -1.00  6.92
30.5 45.5 -1.00  9.00
31.5 45.5 -1.00 10.21
32.5 45.5 -1.00  9.61
33.5 45.5 -1.00  7.96
34.5 45.5 -1.00  6.27
35.5 45.5 -1.00  4.70
36.5 45.5 -1.00  3.48
37.5 45.5 -1.00  3.58
38.5 45.5 -1.00  3.43
39.5 45.5 -1.00  3.50
40.5 45.5 -1.00  3.09
41.5 45.5 -1.00  2.65
42.5 45.5 -1.00  2.38
43.5 45.5 -1.00  4.04
44.5 45.5 -1.00  3.95
45.5 45.5 -1.00  4.50
46.5 45.5 -1.00  5.00
47.5 45.5 -1.00  5.57
48.5 45.5 -1.00  4.47
49.5 45.5 -1.00  4.87
  .5 46.5 -1.00  2.15
 1.5 46.5 -1.00  2.28
 2.5 46.5 -1.00  2.32
 3.5 46.5 -1.00  2.18
 4.5 46.5 -1.00  2.16
 5.5 46.5 -1.00  2.07
 6.5 46.5 -1.00  2.09
 7.5 46.5 -1.00  1.69
 8.5 46.5 -1.00  1.43
 9.5 46.5 -1.00  1.22
10.5 46.5 -1.00   .86
11.5 46.5   .40   .47
12.5 46.5 -1.00   .56
13.5 46.5 -1.00   .62
14.5 46.5 -1.00   .72
15.5 46.5 -1.00   .85
16.5 46.5 -1.00   .91
17.5 46.5 -1.00   .99
18.5 46.5 -1.00  1.06
19.5 46.5 -1.00  1.10
20.5 46.5 -1.00  1.01
21.5 46.5 -1.00   .92
22.5 46.5 -1.00   .86
23.5 46.5 -1.00   .83
24.5 46.5 -1.00   .76
25.5 46.5 -1.00   .81
26.5 46.5 -1.00  1.51
27.5 46.5 -1.00  2.39
28.5 46.5 -1.00  4.65
29.5 46.5 -1.00  6.88
30.5 46.5 -1.00 10.31
31.5 46.5 -1.00 11.87
32.5 46.5 -1.00 11.63
33.5 46.5 -1.00 10.01
34.5 46.5 -1.00  8.36
35.5 46.5 -1.00  5.84
36.5 46.5 -1.00  4.44
37.5 46.5 -1.00  5.08
38.5 46.5 -1.00  4.75
39.5 46.5 -1.00  4.90
40.5 46.5 -1.00  4.54
41.5 46.5 -1.00  4.31
42.5 46.5 -1.00  3.26
43.5 46.5 -1.00  5.18
44.5 46.5 -1.00  5.16
45.5 46.5 -1.00  5.74
46.5 46.5 -1.00  5.96
47.5 46.5 -1.00  6.61
48.5 46.5 -1.00  5.29
49.5 46.5 -1.00  5.62
  .5 47.5 -1.00  2.33
 1.5 47.5 -1.00  2.60
 2.5 47.5 -1.00  2.80
 3.5 47.5 -1.00  3.47
 4.5 47.5 -1.00  3.98
 5.5 47.5 -1.00  3.80
 6.5 47.5 -1.00  3.72
 7.5 47.5 -1.00  3.15
 8.5 47.5 -1.00  2.26
 9.5 47.5 -1.00  1.53
10.5 47.5 -1.00  1.06
11.5 47.5 -1.00   .62
12.5 47.5 -1.00   .68
13.5 47.5 -1.00   .71
14.5 47.5 -1.00   .79
15.5 47.5 -1.00   .89
16.5 47.5 -1.00   .90
17.5 47.5 -1.00   .88
18.5 47.5 -1.00   .84
19.5 47.5 -1.00   .85
20.5 47.5 -1.00   .78
21.5 47.5 -1.00   .71
22.5 47.5 -1.00   .65
23.5 47.5 -1.00   .67
24.5 47.5 -1.00   .63
25.5 47.5 -1.00   .75
26.5 47.5 -1.00  1.47
27.5 47.5 -1.00  2.81
28.5 47.5 -1.00  5.47
29.5 47.5 -1.00  7.59
30.5 47.5 -1.00 11.61
31.5 47.5 -1.00 13.23
32.5 47.5 -1.00 14.38
33.5 47.5 -1.00 12.83
34.5 47.5 -1.00 11.47
35.5 47.5 -1.00  8.46
36.5 47.5 -1.00  7.12
37.5 47.5 -1.00  6.65
38.5 47.5 -1.00  5.91
39.5 47.5 -1.00  5.89
40.5 47.5 -1.00  5.75
41.5 47.5 -1.00  5.75
42.5 47.5 -1.00  4.08
43.5 47.5 -1.00  5.90
44.5 47.5 -1.00  6.34
45.5 47.5 -1.00  6.58
46.5 47.5 -1.00  6.35
47.5 47.5 -1.00  7.00
48.5 47.5 -1.00  5.84
49.5 47.5 -1.00  5.61
  .5 48.5 -1.00  2.42
 1.5 48.5 -1.00  2.71
 2.5 48.5 -1.00  2.97
 3.5 48.5 -1.00  3.89
 4.5 48.5 -1.00  4.59
 5.5 48.5 -1.00  4.41
 6.5 48.5 -1.00  4.37
 7.5 48.5 -1.00  3.74
 8.5 48.5 -1.00  2.70
 9.5 48.5 -1.00  1.80
10.5 48.5 -1.00  1.22
11.5 48.5 -1.00   .73
12.5 48.5 -1.00   .75
13.5 48.5 -1.00   .75
14.5 48.5 -1.00   .80
15.5 48.5 -1.00   .91
16.5 48.5 -1.00   .88
17.5 48.5 -1.00   .83
18.5 48.5 -1.00   .74
19.5 48.5 -1.00   .69
20.5 48.5 -1.00   .61
21.5 48.5 -1.00   .54
22.5 48.5 -1.00   .48
23.5 48.5 -1.00   .52
24.5 48.5 -1.00   .55
25.5 48.5 -1.00   .65
26.5 48.5 -1.00  1.56
27.5 48.5 -1.00  3.18
28.5 48.5 -1.00  6.36
29.5 48.5 -1.00  8.81
30.5 48.5 -1.00 13.68
31.5 48.5 -1.00 15.53
32.5 48.5 -1.00 16.89
33.5 48.5 -1.00 15.12
34.5 48.5 -1.00 13.38
35.5 48.5 -1.00  9.68
36.5 48.5 -1.00  7.70
37.5 48.5 -1.00  7.10
38.5 48.5 -1.00  6.17
39.5 48.5 -1.00  6.35
40.5 48.5 -1.00  6.18
41.5 48.5 -1.00  6.65
42.5 48.5 -1.00  4.70
43.5 48.5 -1.00  6.80
44.5 48.5 -1.00  7.29
45.5 48.5 -1.00  7.49
46.5 48.5 -1.00  6.86
47.5 48.5 -1.00  7.61
48.5 48.5 -1.00  6.15
49.5 48.5 -1.00  5.68
  .5 49.5 -1.00  2.35
 1.5 49.5 -1.00  2.81
 2.5 49.5 -1.00  3.16
 3.5 49.5 -1.00  4.50
 4.5 49.5 -1.00  5.58
 5.5 49.5 -1.00  5.42
 6.5 49.5 -1.00  5.36
 7.5 49.5 -1.00  4.65
 8.5 49.5 -1.00  3.29
 9.5 49.5 -1.00  2.10
10.5 49.5 -1.00  1.43
11.5 49.5 -1.00   .85
12.5 49.5 -1.00   .85
13.5 49.5 -1.00   .82
14.5 49.5 -1.00   .87
15.5 49.5 -1.00   .96
16.5 49.5 -1.00   .93
17.5 49.5 -1.00   .87
18.5 49.5 -1.00   .77
19.5 49.5 -1.00   .69
20.5 49.5 -1.00   .54
21.5 49.5 -1.00   .42
22.5 49.5 -1.00   .31
23.5 49.5 -1.00   .35
24.5 49.5 -1.00   .41
25.5 49.5 -1.00   .61
26.5 49.5 -1.00  1.52
27.5 49.5 -1.00  3.60
28.5 49.5 -1.00  6.03
29.5 49.5 -1.00  8.36
30.5 49.5 -1.00 13.96
31.5 49.5 -1.00 16.22
32.5 49.5 -1.00 17.93
33.5 49.5 -1.00 17.08
34.5 49.5 -1.00 15.32
35.5 49.5 -1.00 10.40
36.5 49.5 -1.00  8.04
37.5 49.5 -1.00  7.10
38.5 49.5 -1.00  6.10
39.5 49.5 -1.00  6.68
40.5 49.5 -1.00  7.22
41.5 49.5 -1.00  8.03
42.5 49.5 -1.00  5.70
43.5 49.5 -1.00  8.36
44.5 49.5 -1.00  8.84
45.5 49.5 -1.00  8.82
46.5 49.5 -1.00  7.97
47.5 49.5 -1.00  8.62
48.5 49.5 -1.00  6.59
49.5 49.5 -1.00  5.83
